"Station";"Name";"Höhe m";"Datum";"Zeit";"T °C";"TP °C";"RF %";"WR °";"WG km/h";"WSR °";"WSG km/h";"N l/m²";"LDred hPa";"LDstat hPa";"SO %"
11010;"Linz/Hörsching";298;"11-01-2022";"00:00";1,8;-1,7;77;360;9,4;;25,9;0;1028,6;989,6;0
11012;"Kremsmünster";383;"11-01-2022";"00:00";1,7;-0,2;88;303;3,6;298;12,2;0;1028,7;980,3;0
11022;"Retz";320;"11-01-2022";"00:00";-0,5;-3,9;78;356;7,6;27;18;0;1028;987,8;0
11035;"Wien/Hohe Warte";203;"11-01-2022";"00:00";0;-4,4;73;9;22,3;21;43,2;0;1027,4;1001,1;0
11036;"Wien/Schwechat";183;"11-01-2022";"00:00";-1,4;-5;76;350;31,3;;46,4;0;1027,4;1004,1;0
11101;"Bregenz";424;"11-01-2022";"00:00";1,4;-0,7;86;179;5,8;172;11,2;0;1028,4;974,4;0
11121;"Innsbruck";579;"11-01-2022";"00:00";0,3;-0,8;93;148;3,6;136;6,8;0;1029;957,1;0
11126;"Patscherkofel";2247;"11-01-2022";"00:00";-10,4;-11,7;91;22;11,2;24;38,2;0;;774;0
11130;"Kufstein";495;"11-01-2022";"00:00";0,8;0;95;35;7,9;25;15,1;0;1029,3;968,5;0
11150;"Salzburg";430;"11-01-2022";"00:00";0,3;0,2;99;0;1,8;;3,6;0;1029,1;973,9;0
11155;"Feuerkogel";1618;"11-01-2022";"00:00";-6,2;-6,9;96;340;13,7;331;25,2;0,1;;839,6;0
11157;"Aigen im Ennstal";640;"11-01-2022";"00:00";-1,4;-2,5;92;260;2,9;264;7,2;0;1028,7;948,5;0
11171;"Mariazell";866;"11-01-2022";"00:00";-3,6;-5,2;90;304;5,4;333;14,8;0;1028,6;923;0
11190;"Eisenstadt";184;"11-01-2022";"00:00";-0,2;-4,4;74;353;34,6;346;69,1;0;1025,4;1002,4;0
11204;"Lienz";659;"11-01-2022";"00:00";-2,6;-7,5;70;280;10,4;296;15,1;0;1025,5;943,3;0
11240;"Graz/Flughafen";340;"11-01-2022";"00:00";-4,1;-5,3;92;190;3,6;;9,4;0;1024,8;978,9;0
11244;"Bad Gleichenberg";280;"11-01-2022";"00:00";2;-4,3;64;25;5;37;23,8;0;1023,8;990,1;0
11265;"Villacher Alpe";2140;"11-01-2022";"00:00";-9,3;-11,8;83;10;42,8;20;59,4;0,1;;780,7;0
11331;"Klagenfurt/Flughafen";447;"11-01-2022";"00:00";-6,6;-7,5;94;321;4,3;299;13;0;1026,4;969;0
11343;"Sonnblick";3105;"11-01-2022";"00:00";-15,9;-17,3;90;31;49,3;39;64,1;;;689,8;0
11389;"St. Pölten";270;"11-01-2022";"00:00";-0,5;-0,9;97;216;4,7;188;11,2;0;1028,3;994,4;0
11010;"Linz/Hörsching";298;"11-01-2022";"02:00";0,9;-0,7;89;330;5,4;;11,2;0;1030;990,8;0
11012;"Kremsmünster";383;"11-01-2022";"02:00";1,1;0,1;94;235;9,4;225;15,8;0;1029,9;981,4;0
11022;"Retz";320;"11-01-2022";"02:00";-1,3;-3,8;83;359;7,2;32;18;0;1029,7;989,3;0
11035;"Wien/Hohe Warte";203;"11-01-2022";"02:00";-0,7;-4,8;74;1;20,2;9;39,6;0;1028,8;1002,4;0
11036;"Wien/Schwechat";183;"11-01-2022";"02:00";-1,1;-4,7;77;330;25,9;;40,7;0;1028,5;1005,2;0
11101;"Bregenz";424;"11-01-2022";"02:00";2;-1,8;77;39;8,3;50;21,6;0;1028,9;974,9;0
11121;"Innsbruck";579;"11-01-2022";"02:00";0,1;-0,7;95;27;3,2;1;5,8;0;1029,7;957,7;0
11126;"Patscherkofel";2247;"11-01-2022";"02:00";-10;-11,4;91;40;18;34;44,6;0;;774,3;0
11130;"Kufstein";495;"11-01-2022";"02:00";1;0;94;56;7,9;28;16,6;0;1029,7;968,9;0
11150;"Salzburg";430;"11-01-2022";"02:00";0,7;0,5;98;360;7,6;;9,4;0;1030;974,8;0
11155;"Feuerkogel";1618;"11-01-2022";"02:00";-7,2;-8,1;95;341;16,2;356;22,3;0;;840,2;0
11157;"Aigen im Ennstal";640;"11-01-2022";"02:00";-2,7;-3,1;98;202;2,5;162;7,2;0;1030;949,3;0
11171;"Mariazell";866;"11-01-2022";"02:00";-3;-4,7;89;293;4,7;330;10,4;0;1029,5;924;0
11190;"Eisenstadt";184;"11-01-2022";"02:00";-0,4;-4,4;76;337;32;337;65,2;0;1025,9;1002,9;0
11204;"Lienz";659;"11-01-2022";"02:00";-3,7;-8;73;324;2,5;;19,8;0;1027,1;944,4;0
11240;"Graz/Flughafen";340;"11-01-2022";"02:00";-6,2;-7,3;92;180;3,6;;5,4;0;1026,8;980,4;0
11244;"Bad Gleichenberg";280;"11-01-2022";"02:00";1;-4,5;68;12;5,8;54;18;0;1025,2;991,3;0
11265;"Villacher Alpe";2140;"11-01-2022";"02:00";-9,8;-12,1;84;18;37,4;16;50,4;0;;781,6;0
11331;"Klagenfurt/Flughafen";447;"11-01-2022";"02:00";-7,4;-8,4;93;316;4;301;8,3;0;1028;970,3;0
11343;"Sonnblick";3105;"11-01-2022";"02:00";-16,2;-17,9;88;36;41,4;39;59,8;;;690,5;0
11389;"St. Pölten";270;"11-01-2022";"02:00";-1,2;-2;95;220;3,6;305;11,5;0;1029,6;995,6;0
11010;"Linz/Hörsching";298;"11-01-2022";"03:00";0,8;-0,3;93;290;3,6;;7,6;0;1030,4;991,2;0
11012;"Kremsmünster";383;"11-01-2022";"03:00";1,1;0,1;93;228;13,3;225;16,2;0;1030,3;981,8;0
11022;"Retz";320;"11-01-2022";"03:00";-1,8;-4,7;81;33;10,1;44;18;0;1030,4;989,9;0
11035;"Wien/Hohe Warte";203;"11-01-2022";"03:00";-0,7;-4,9;74;358;16,6;14;39,2;0;1029,3;1002,9;0
11036;"Wien/Schwechat";183;"11-01-2022";"03:00";-1,2;-4,6;78;340;20,5;;44,3;0;1029;1005,7;0
11101;"Bregenz";424;"11-01-2022";"03:00";1,1;-1,3;84;166;3,6;50;21,6;0;1029,4;975,2;0
11121;"Innsbruck";579;"11-01-2022";"03:00";-0,5;-1,1;96;0;0;226;8,3;0,1;1030,2;958;0
11126;"Patscherkofel";2247;"11-01-2022";"03:00";-10,3;-11,7;91;42;15,1;32;44,6;0;;774,5;0
11130;"Kufstein";495;"11-01-2022";"03:00";1;0;94;61;7,6;60;17,3;0;1030,1;969,3;0
11150;"Salzburg";430;"11-01-2022";"03:00";0,4;0,3;99;360;5,4;;9,4;0;1030,6;975,3;0
11155;"Feuerkogel";1618;"11-01-2022";"03:00";-7,4;-8,2;95;329;16,9;333;23,8;0;;840,5;0
11157;"Aigen im Ennstal";640;"11-01-2022";"03:00";-2,7;-3,3;97;24;1,4;236;7,9;0;1030,6;949,9;0
11171;"Mariazell";866;"11-01-2022";"03:00";-2,6;-4,7;86;340;11,9;333;23;0;1029,6;924,3;0
11190;"Eisenstadt";184;"11-01-2022";"03:00";-0,7;-4,7;75;337;31,7;346;71,6;0;1026,8;1003,7;0
11204;"Lienz";659;"11-01-2022";"03:00";-3,6;-8,1;72;303;15,8;291;25,9;0;1027,3;944,6;0
11240;"Graz/Flughafen";340;"11-01-2022";"03:00";-6,2;-7;94;0;1,8;;7,6;0;1027,1;980,7;0
11244;"Bad Gleichenberg";280;"11-01-2022";"03:00";-1,1;-4,7;78;357;5;21;10,8;0;1026;991,8;0
11265;"Villacher Alpe";2140;"11-01-2022";"03:00";-9,8;-12,5;81;27;42,8;30;50;0;;782;0
11331;"Klagenfurt/Flughafen";447;"11-01-2022";"03:00";-7,1;-8,2;93;321;3,2;302;7,6;0;1028,5;970,9;0
11343;"Sonnblick";3105;"11-01-2022";"03:00";-16,4;-18;88;42;51,5;37;63,4;;;690,2;0
11389;"St. Pölten";270;"11-01-2022";"03:00";-0,6;-1,2;96;263;3,2;246;10,1;0;1030,3;996,3;0
11010;"Linz/Hörsching";298;"11-01-2022";"04:00";1;-0,2;91;0;1,8;;7,6;0;1030,7;991,5;0
11012;"Kremsmünster";383;"11-01-2022";"04:00";1,1;0,2;94;218;10,8;224;15,8;0;1030,6;982,1;0
11022;"Retz";320;"11-01-2022";"04:00";-2,2;-5,4;79;24;11,2;36;21,6;0;1030,8;990,2;0
11035;"Wien/Hohe Warte";203;"11-01-2022";"04:00";-0,7;-5,2;72;341;11,5;2;34,9;0;1029,6;1003,2;0
11036;"Wien/Schwechat";183;"11-01-2022";"04:00";-1,1;-5;75;330;27,7;;38,9;0;1029,2;1005,9;0
11101;"Bregenz";424;"11-01-2022";"04:00";-0,4;-1,8;91;144;5;33;15,5;0;1029,9;975,4;0
11121;"Innsbruck";579;"11-01-2022";"04:00";-0,4;-0,9;96;24;2,5;23;5;0;1030,6;958,4;0
11126;"Patscherkofel";2247;"11-01-2022";"04:00";-10,5;-11,9;91;43;15,1;34;44,6;0;;774,7;0
11130;"Kufstein";495;"11-01-2022";"04:00";0,9;-0,2;93;62;7,2;69;16,6;0;1030,4;969,6;0
11150;"Salzburg";430;"11-01-2022";"04:00";0,4;0,3;100;290;5,4;;9,4;0;1030,8;975,5;0
11155;"Feuerkogel";1618;"11-01-2022";"04:00";-7,7;-8,7;94;343;19,8;353;31,7;0;;840,8;0
11157;"Aigen im Ennstal";640;"11-01-2022";"04:00";-2,4;-2,8;98;247;1,8;5;9;0;1030,9;950,2;0
11171;"Mariazell";866;"11-01-2022";"04:00";-2,6;-5;84;347;13,7;360;32,4;0;1030,1;924,7;0
11190;"Eisenstadt";184;"11-01-2022";"04:00";-0,7;-4,9;74;328;25,2;348;59;0;1027,1;1004;0
11204;"Lienz";659;"11-01-2022";"04:00";-5,4;-8,6;79;217;1,8;265;25,9;0;1028,6;945,3;0
11240;"Graz/Flughafen";340;"11-01-2022";"04:00";-7,4;-8,4;92;0;1,8;;5,4;0;1027,5;980,9;0
11244;"Bad Gleichenberg";280;"11-01-2022";"04:00";-1,5;-4,5;81;17;1,4;75;10,8;0;1026,2;992;0
11265;"Villacher Alpe";2140;"11-01-2022";"04:00";-9,9;-12,8;80;27;43,9;30;51,1;0;;782,3;0
11331;"Klagenfurt/Flughafen";447;"11-01-2022";"04:00";-7,4;-8,4;93;305;5,8;300;8,6;0;1029;971,3;0
11343;"Sonnblick";3105;"11-01-2022";"04:00";-17,2;-18,8;89;47;54,7;48;70,9;;;690,8;0
11389;"St. Pölten";270;"11-01-2022";"04:00";-0,7;-1,5;95;233;0,7;231;6,8;0;1030,4;996,4;0
11010;"Linz/Hörsching";298;"11-01-2022";"05:00";0,6;-0,3;94;130;3,6;;5,4;0;1030,9;991,6;0
11012;"Kremsmünster";383;"11-01-2022";"05:00";1,1;0,1;94;215;7,9;224;12,6;0;1030,8;982,2;0
11022;"Retz";320;"11-01-2022";"05:00";-2,2;-5,3;80;31;8,6;33;21,2;0;1031,1;990,5;0
11035;"Wien/Hohe Warte";203;"11-01-2022";"05:00";-0,7;-5,3;72;353;18,7;343;35,3;0;1029,9;1003,5;0
11036;"Wien/Schwechat";183;"11-01-2022";"05:00";-1,2;-5,1;75;330;27,7;;44,3;0;1029,6;1006,3;0
11101;"Bregenz";424;"11-01-2022";"05:00";-0,7;-1,7;94;113;2,2;104;9,7;0;1029,9;975,4;0
11121;"Innsbruck";579;"11-01-2022";"05:00";-0,3;-0,8;96;0;0;46;2,5;0;1030,9;958,7;0
11126;"Patscherkofel";2247;"11-01-2022";"05:00";-10,7;-12,1;91;49;17,6;32;42,1;0;;774,9;0
11130;"Kufstein";495;"11-01-2022";"05:00";0,9;-0,1;93;36;5,8;64;15,5;0;1030,9;970;0
11150;"Salzburg";430;"11-01-2022";"05:00";0,3;0,3;100;0;1,8;;5,4;0;1031,1;975,7;0
11155;"Feuerkogel";1618;"11-01-2022";"05:00";-7,8;-8,8;94;343;17,3;311;24,8;0;;841;0
11157;"Aigen im Ennstal";640;"11-01-2022";"05:00";-2,8;-3;98;23;1,8;99;8,3;0;1031,3;950,5;0
11171;"Mariazell";866;"11-01-2022";"05:00";-3;-5,1;86;341;7,2;340;17,6;0;1030,1;924,6;0
11190;"Eisenstadt";184;"11-01-2022";"05:00";-0,8;-5;75;329;24,1;337;58,7;0;1027,4;1004,3;0
11204;"Lienz";659;"11-01-2022";"05:00";-5,4;-8,8;77;243;5;287;17,3;0;1028,9;945,6;0
11240;"Graz/Flughafen";340;"11-01-2022";"05:00";-5,7;-6,4;95;0;1,8;;3,6;0;1027,4;981,1;0
11244;"Bad Gleichenberg";280;"11-01-2022";"05:00";-0,7;-3,8;80;80;5,4;76;16,9;0;1026,4;992,3;0
11265;"Villacher Alpe";2140;"11-01-2022";"05:00";-9,9;-13,3;76;32;41,8;34;51,1;0;;782,4;0
11331;"Klagenfurt/Flughafen";447;"11-01-2022";"05:00";-7,3;-8,4;93;325;3,2;315;7,6;0;1029,2;971,5;0
11343;"Sonnblick";3105;"11-01-2022";"05:00";-17,1;-18,6;89;41;52,6;46;68;;;690,5;0
11389;"St. Pölten";270;"11-01-2022";"05:00";-1;-1,9;95;278;1,4;294;7,9;0;1030,9;996,8;0
11010;"Linz/Hörsching";298;"11-01-2022";"06:00";0,7;-0,2;94;0;0;;5,4;0;1031,4;992,1;0
11012;"Kremsmünster";383;"11-01-2022";"06:00";1,1;-0,2;92;244;8,6;223;11,9;0;1031,1;982,5;0
11022;"Retz";320;"11-01-2022";"06:00";-2,3;-5,1;82;20;7,2;7;15,8;0;1031,5;990,9;0
11035;"Wien/Hohe Warte";203;"11-01-2022";"06:00";-0,7;-5,3;71;339;14,4;336;32,4;0;1030,4;1004;0
11036;"Wien/Schwechat";183;"11-01-2022";"06:00";-1,2;-5,5;72;340;35,3;;50;0;1030;1006,7;0
11101;"Bregenz";424;"11-01-2022";"06:00";-1;-1,7;95;124;4,3;156;9,7;0;1030,1;975,5;0
11121;"Innsbruck";579;"11-01-2022";"06:00";-0,3;-0,9;96;186;0,7;165;4,3;0;1031,2;959;0
11126;"Patscherkofel";2247;"11-01-2022";"06:00";-10,9;-12,4;90;54;17,3;61;36,7;0;;775,4;0
11130;"Kufstein";495;"11-01-2022";"06:00";0,8;-0,2;94;58;6,1;60;14;0;1031,1;970,2;0
11150;"Salzburg";430;"11-01-2022";"06:00";0,5;0,4;100;0;1,8;;3,6;0;1031,3;976;0
11155;"Feuerkogel";1618;"11-01-2022";"06:00";-7,7;-8,8;93;348;5,4;350;23;0;;841,2;0
11157;"Aigen im Ennstal";640;"11-01-2022";"06:00";-4,3;-4,7;97;215;1,8;28;5,4;0;1032,1;950,8;0
11171;"Mariazell";866;"11-01-2022";"06:00";-2,9;-5,2;84;339;13,3;339;26,3;0;1030,4;924,9;0
11190;"Eisenstadt";184;"11-01-2022";"06:00";-0,8;-5,1;74;335;31,3;333;68,4;0;1027,7;1004,6;0
11204;"Lienz";659;"11-01-2022";"06:00";-7,3;-9,6;85;264;2,5;263;7,6;0;1030,2;946,2;0
11240;"Graz/Flughafen";340;"11-01-2022";"06:00";-6,7;-7,8;93;0;1,8;;5,4;0;1027,9;981,4;0
11244;"Bad Gleichenberg";280;"11-01-2022";"06:00";-2,5;-4,7;85;172;2,9;85;13,3;0;1027,1;992,7;0
11265;"Villacher Alpe";2140;"11-01-2022";"06:00";-10,2;-13,2;80;29;36,7;41;50;0;;782,6;0
11331;"Klagenfurt/Flughafen";447;"11-01-2022";"06:00";-7,2;-8,3;93;325;4,3;315;7,2;0;1029,7;972;0
11343;"Sonnblick";3105;"11-01-2022";"06:00";-17,4;-18,9;89;43;50,4;51;67,3;;;690,9;0
11389;"St. Pölten";270;"11-01-2022";"06:00";-1;-2,4;90;51;4,3;25;10,8;0;1031,4;997,3;0
11010;"Linz/Hörsching";298;"11-01-2022";"07:00";-0,2;-0,4;99;0;1,8;;5,4;0;1031,9;992,5;0
11012;"Kremsmünster";383;"11-01-2022";"07:00";0,9;0,2;96;84;5;224;11,9;0;1031,7;983,1;0
11022;"Retz";320;"11-01-2022";"07:00";-2,5;-5,2;82;32;9,4;50;19,1;0;1032,1;991,5;0
11035;"Wien/Hohe Warte";203;"11-01-2022";"07:00";-0,8;-5,6;70;335;18;350;37,4;0;1031,3;1004,8;0
11036;"Wien/Schwechat";183;"11-01-2022";"07:00";-1,3;-5,8;71;340;31,3;;50;0;1030,8;1007,4;0
11101;"Bregenz";424;"11-01-2022";"07:00";-0,8;-1,6;95;153;6,1;153;10,4;0;1030,8;976,2;0
11121;"Innsbruck";579;"11-01-2022";"07:00";-0,1;-0,8;95;146;4;158;7,2;0;1031,4;959,2;0
11126;"Patscherkofel";2247;"11-01-2022";"07:00";-11;-12,5;90;55;12,2;63;33,1;0;;775,8;0
11130;"Kufstein";495;"11-01-2022";"07:00";0,8;-0,1;95;44;5;29;12,2;0;1031,7;970,8;0
11150;"Salzburg";430;"11-01-2022";"07:00";0,2;0,2;100;0;1,8;;3,6;0;1031,8;976,4;0
11155;"Feuerkogel";1618;"11-01-2022";"07:00";-7,6;-8,6;94;336;12,2;8;22,7;0;;841,6;0
11157;"Aigen im Ennstal";640;"11-01-2022";"07:00";-4,7;-5,1;97;125;2,5;355;7,6;0;1032,8;951,3;0
11171;"Mariazell";866;"11-01-2022";"07:00";-3,7;-6;85;341;9,7;353;22,7;0;1031,3;925,4;0
11190;"Eisenstadt";184;"11-01-2022";"07:00";-0,7;-5,2;73;324;34,2;311;57,6;0;1028,6;1005,5;0
11204;"Lienz";659;"11-01-2022";"07:00";-7;-9,8;81;309;5;274;19,1;0;1030,4;946,5;0
11240;"Graz/Flughafen";340;"11-01-2022";"07:00";-6,7;-7,7;92;160;7,6;;9,4;0;1028,4;981,9;0
11244;"Bad Gleichenberg";280;"11-01-2022";"07:00";-3,7;-5,3;89;180;1,4;116;5,4;0;1027,9;993,3;0
11265;"Villacher Alpe";2140;"11-01-2022";"07:00";-10,2;-13,3;79;41;49,3;43;52,9;0;;783,1;0
11331;"Klagenfurt/Flughafen";447;"11-01-2022";"07:00";-7,4;-8,5;93;305;5,4;298;9;0;1030,3;972,5;0
11343;"Sonnblick";3105;"11-01-2022";"07:00";-17,7;-19,3;89;49;58,3;54;72,4;;;691,3;0
11389;"St. Pölten";270;"11-01-2022";"07:00";-1,1;-3;87;40;4;53;9,7;0;1032;997,9;0
11010;"Linz/Hörsching";298;"11-01-2022";"08:00";-1;-1;100;250;3,6;;5,4;0;1032,9;993,3;0
11012;"Kremsmünster";383;"11-01-2022";"08:00";0,5;-0,3;95;40;4;135;8,6;0;1032,5;983,8;0
11022;"Retz";320;"11-01-2022";"08:00";-2,6;-5,2;82;43;9,4;55;16,2;0;1033,2;992,5;0
11035;"Wien/Hohe Warte";203;"11-01-2022";"08:00";-1,1;-6,2;68;340;18,4;329;39,2;0;1032,2;1005,7;0
11036;"Wien/Schwechat";183;"11-01-2022";"08:00";-1,6;-6,1;71;350;25,9;;44,3;0;1031,8;1008,4;0
11101;"Bregenz";424;"11-01-2022";"08:00";-1,1;-1,8;95;136;5,4;172;12,2;0;1031,4;976,7;0
11121;"Innsbruck";579;"11-01-2022";"08:00";0,5;-0,8;91;111;9;114;11,9;0;1032,2;960,1;0
11126;"Patscherkofel";2247;"11-01-2022";"08:00";-11,4;-13;90;46;9;65;24,5;0;;776,3;0
11130;"Kufstein";495;"11-01-2022";"08:00";0,2;-0,9;93;243;2,5;29;8,6;0;1032,4;971,3;0
11150;"Salzburg";430;"11-01-2022";"08:00";0,4;0,3;100;170;5,4;;7,6;0;1032,5;977,1;0
11155;"Feuerkogel";1618;"11-01-2022";"08:00";-7,5;-8,5;94;344;6,8;351;17,3;0;;842,2;0
11157;"Aigen im Ennstal";640;"11-01-2022";"08:00";-5,8;-6,3;96;0;0;357;8,6;0;1034;952,1;0
11171;"Mariazell";866;"11-01-2022";"08:00";-3,4;-5,7;86;359;4;2;22;0;1032,2;926,3;0
11190;"Eisenstadt";184;"11-01-2022";"08:00";-0,8;-5,5;71;332;21,6;334;64,1;0;1029,6;1006,4;0
11204;"Lienz";659;"11-01-2022";"08:00";-6,6;-9,5;80;262;2,5;285;17,3;0;1031,2;947,3;0
11240;"Graz/Flughafen";340;"11-01-2022";"08:00";-5,6;-6,9;90;160;9,4;;14,8;0;1029,4;983;3
11244;"Bad Gleichenberg";280;"11-01-2022";"08:00";-4,3;-5,7;91;339;2,2;270;5,8;0;1028,9;994,2;0
11265;"Villacher Alpe";2140;"11-01-2022";"08:00";-9,9;-14,1;72;41;47,9;41;52,6;0;;783,6;16
11331;"Klagenfurt/Flughafen";447;"11-01-2022";"08:00";-7,3;-8,4;93;314;5;321;9;0;1031,1;973,3;0
11343;"Sonnblick";3105;"11-01-2022";"08:00";-17,4;-19,2;87;47;64,4;40;76;;;692;5
11389;"St. Pölten";270;"11-01-2022";"08:00";-1,1;-3,1;86;33;0,7;32;16,2;0;1032,9;998,8;0
11010;"Linz/Hörsching";298;"11-01-2022";"09:00";0,1;-0,3;97;240;3,6;;9,4;0;1033,1;993,7;60
11012;"Kremsmünster";383;"11-01-2022";"09:00";0,3;-0,3;96;79;4,7;83;6,8;0;1033,1;984,3;0
11022;"Retz";320;"11-01-2022";"09:00";-2,4;-5,8;78;4;7,6;45;20,5;0;1034,1;993,4;0
11035;"Wien/Hohe Warte";203;"11-01-2022";"09:00";-1;-6,2;68;344;13,3;344;38,5;0;1032,6;1006,1;0
11036;"Wien/Schwechat";183;"11-01-2022";"09:00";-1,6;-6,5;69;350;25,9;;38,9;0;1032,5;1009,1;44
11101;"Bregenz";424;"11-01-2022";"09:00";-1,2;-2;95;161;6,8;146;16,6;0;1032,1;977,3;0
11121;"Innsbruck";579;"11-01-2022";"09:00";0,7;-1,5;85;86;7,6;81;16,6;0;1032,9;960,8;0
11126;"Patscherkofel";2247;"11-01-2022";"09:00";-11,3;-12,6;90;45;8,3;57;24,8;0;;776,7;31
11130;"Kufstein";495;"11-01-2022";"09:00";0,3;-1,1;91;239;2,9;240;6,1;0;1033;971,9;0
11150;"Salzburg";430;"11-01-2022";"09:00";0,6;0,4;99;0;1,8;;5,4;0;1032,9;977,5;0
11155;"Feuerkogel";1618;"11-01-2022";"09:00";-7,4;-8,5;93;318;11,5;333;17,3;0;;842,4;0
11157;"Aigen im Ennstal";640;"11-01-2022";"09:00";-4,9;-5,5;96;3;2,5;40;8,3;0;1034,1;952,4;0
11171;"Mariazell";866;"11-01-2022";"09:00";-3,1;-5,2;87;336;7,9;358;15,8;0;1032,5;926,7;0
11190;"Eisenstadt";184;"11-01-2022";"09:00";-0,5;-6,2;66;334;31;327;64,1;0;1029,8;1006,7;62
11204;"Lienz";659;"11-01-2022";"09:00";-5,9;-9,4;76;329;3,2;237;16,6;0;1031,2;947,5;69
11240;"Graz/Flughafen";340;"11-01-2022";"09:00";-3,4;-5,1;88;180;3,6;;13;0;1029,9;983,9;99
11244;"Bad Gleichenberg";280;"11-01-2022";"09:00";-3,4;-4,9;90;56;2,2;298;6,5;0;1029,7;995,1;48
11265;"Villacher Alpe";2140;"11-01-2022";"09:00";-9,7;-13,9;72;37;48,6;39;52,2;0;;784,1;100
11331;"Klagenfurt/Flughafen";447;"11-01-2022";"09:00";-7,7;-8,8;92;305;4,3;298;7,9;0;1031,7;973,8;0
11343;"Sonnblick";3105;"11-01-2022";"09:00";-17,4;-19,6;84;45;55,8;53;77;;;692,3;100
11389;"St. Pölten";270;"11-01-2022";"09:00";-0,7;-3,8;80;3;7,9;29;16,6;0;1033,6;999,5;0
11010;"Linz/Hörsching";298;"11-01-2022";"10:00";1,8;-0,5;85;0;1,8;;5,4;0;1033,6;994,4;85
11012;"Kremsmünster";383;"11-01-2022";"10:00";0,5;-0,7;92;82;4,3;74;9;0;1033,5;984,7;53
11022;"Retz";320;"11-01-2022";"10:00";-2,3;-5,8;77;351;6,5;319;20,5;0;1034,1;993,4;0
11035;"Wien/Hohe Warte";203;"11-01-2022";"10:00";-0,8;-6,2;67;334;18,4;339;39,2;0;1033;1006,5;0
11036;"Wien/Schwechat";183;"11-01-2022";"10:00";-0,7;-6,7;64;340;24,1;;50;0;1032,7;1009,4;100
11101;"Bregenz";424;"11-01-2022";"10:00";0;-1,2;89;99;5;151;23;0;1031,9;977,4;47
11121;"Innsbruck";579;"11-01-2022";"10:00";0,7;-1,5;85;57;6,8;68;11,2;0;1033,1;961;0
11126;"Patscherkofel";2247;"11-01-2022";"10:00";-10,6;-12,1;90;35;13,7;31;19,4;0;;777;99
11130;"Kufstein";495;"11-01-2022";"10:00";0,3;-1,7;87;251;2,9;231;6,8;0;1033,3;972,2;0
11150;"Salzburg";430;"11-01-2022";"10:00";0,9;0,1;95;210;3,6;;9,4;0;1033,1;977,8;0
11155;"Feuerkogel";1618;"11-01-2022";"10:00";-7,1;-8;94;331;9,7;357;16,9;;;842,7;0
11157;"Aigen im Ennstal";640;"11-01-2022";"10:00";-3,2;-3,6;97;66;1,1;8;5;0;1033,8;952,7;0
11171;"Mariazell";866;"11-01-2022";"10:00";-2,7;-5,1;85;341;8,3;333;17,6;0;1032,6;926,9;0
11190;"Eisenstadt";184;"11-01-2022";"10:00";0,1;-5,8;65;324;30,2;335;65,9;0;1030,2;1007,1;99
11204;"Lienz";659;"11-01-2022";"10:00";-3,4;-8,5;68;110;7,2;237;18,4;0;1030,6;947,7;100
11240;"Graz/Flughafen";340;"11-01-2022";"10:00";-0,2;-3,5;78;120;3,6;;11,2;0;1029,6;984,1;99
11244;"Bad Gleichenberg";280;"11-01-2022";"10:00";-0,5;-3,9;78;90;2,5;106;9,7;0;1029,7;995,5;100
11265;"Villacher Alpe";2140;"11-01-2022";"10:00";-9,4;-14,6;66;38;42,5;37;52,2;0;;784,3;100
11331;"Klagenfurt/Flughafen";447;"11-01-2022";"10:00";-6,6;-7,7;94;257;1,4;298;7,2;0;1032;974,3;0
11343;"Sonnblick";3105;"11-01-2022";"10:00";-17,5;-20,1;82;46;58;48;70,6;;;692,6;100
11389;"St. Pölten";270;"11-01-2022";"10:00";-1,1;-3,7;83;55;6,5;29;15,8;0;1034;999,8;0
11010;"Linz/Hörsching";298;"11-01-2022";"11:00";1,4;-1,6;80;0;1,8;;9,4;0;1033,8;994,5;0
11012;"Kremsmünster";383;"11-01-2022";"11:00";1,3;-1,2;84;105;8,6;102;16,2;0;1033,6;984,9;22
11022;"Retz";320;"11-01-2022";"11:00";-2,2;-6;76;322;10,1;27;25,2;0;1034,1;993,4;21
11035;"Wien/Hohe Warte";203;"11-01-2022";"11:00";-0,8;-6;68;344;14,4;354;45;0;1033;1006,5;13
11036;"Wien/Schwechat";183;"11-01-2022";"11:00";-0,5;-7,4;60;340;35,3;;51,8;0;1032,5;1009,2;99
11101;"Bregenz";424;"11-01-2022";"11:00";2;-0,8;81;292;2,2;165;9;0;1031,9;977,8;100
11121;"Innsbruck";579;"11-01-2022";"11:00";1;-1,7;82;66;6,1;67;15,8;0;1032,9;960,9;0
11126;"Patscherkofel";2247;"11-01-2022";"11:00";-10,9;-12,2;90;41;10,1;33;23,8;0;;777;100
11130;"Kufstein";495;"11-01-2022";"11:00";0,4;-1,2;90;94;2,9;59;6,5;0;1033,4;972,3;7
11150;"Salzburg";430;"11-01-2022";"11:00";1,3;-0,9;85;230;3,6;;7,6;0;1033,4;978,1;0
11155;"Feuerkogel";1618;"11-01-2022";"11:00";-6,6;-7,5;95;318;11,2;311;20,2;0;;842,9;0
11157;"Aigen im Ennstal";640;"11-01-2022";"11:00";-1,7;-2,4;96;279;1,4;233;6,8;0;1033,2;952,6;0
11171;"Mariazell";866;"11-01-2022";"11:00";-3;-5,1;86;337;8,6;351;22;0;1032,9;927,1;0
11190;"Eisenstadt";184;"11-01-2022";"11:00";0,4;-5,9;64;328;33,8;334;69,1;0;1030;1006,9;100
11204;"Lienz";659;"11-01-2022";"11:00";-2;-8,2;64;186;1,8;102;13,3;0;1030,2;947,8;100
11240;"Graz/Flughafen";340;"11-01-2022";"11:00";1;-2,9;75;150;11,2;;16,6;0;1029,3;984;99
11244;"Bad Gleichenberg";280;"11-01-2022";"11:00";1;-4,1;70;123;6,5;150;12,2;0;1029,3;995,3;99
11265;"Villacher Alpe";2140;"11-01-2022";"11:00";-9,5;-14,5;68;39;40,7;41;48,6;0;;784,5;100
11331;"Klagenfurt/Flughafen";447;"11-01-2022";"11:00";-5;-5,8;93;285;3,2;278;5,8;0;1031,1;973,8;0
11343;"Sonnblick";3105;"11-01-2022";"11:00";-17,6;-20;84;36;51,5;44;67,3;;;692,9;100
11389;"St. Pölten";270;"11-01-2022";"11:00";-1,1;-4,1;80;35;4,3;45;13,3;0;1034,2;1000;0
11010;"Linz/Hörsching";298;"11-01-2022";"12:00";2;-1,2;79;320;3,6;;9,4;0;1033,6;994,4;1
11012;"Kremsmünster";383;"11-01-2022";"12:00";1,4;-1,4;82;115;8,6;109;16,9;0;1033,8;985,1;2
11022;"Retz";320;"11-01-2022";"12:00";-1,4;-5,8;72;324;13,7;324;25,2;0;1033,8;993,2;81
11035;"Wien/Hohe Warte";203;"11-01-2022";"12:00";0,3;-6,1;63;322;13,7;348;40,7;0;1032,6;1006,2;58
11036;"Wien/Schwechat";183;"11-01-2022";"12:00";-0,1;-7,5;58;340;29,5;;48,2;0;1032,5;1009,2;93
11101;"Bregenz";424;"11-01-2022";"12:00";1,9;-1,4;79;116;2,9;159;6,8;0;1032,2;978;28
11121;"Innsbruck";579;"11-01-2022";"12:00";1,6;-2,7;73;89;5,8;132;14,8;0;1032,7;960,9;0
11126;"Patscherkofel";2247;"11-01-2022";"12:00";-10,9;-12,2;90;47;8,3;31;27;0;;777;100
11130;"Kufstein";495;"11-01-2022";"12:00";1,3;-1,2;84;92;5,4;104;11,2;0;1033,1;972,2;85
11150;"Salzburg";430;"11-01-2022";"12:00";1,7;-0,9;83;360;5,4;;11,2;0;1033,3;978,1;0
11155;"Feuerkogel";1618;"11-01-2022";"12:00";-6,6;-7,5;95;337;13;330;22;0;;842,9;0
11157;"Aigen im Ennstal";640;"11-01-2022";"12:00";-1,1;-3;88;79;4,3;50;9,7;0;1032,9;952,4;1
11171;"Mariazell";866;"11-01-2022";"12:00";-2,8;-5,4;83;338;8,3;342;17,6;0;1032,6;926,9;2
11190;"Eisenstadt";184;"11-01-2022";"12:00";0,5;-6;62;340;31,3;343;73,1;0;1030,6;1007,5;100
11204;"Lienz";659;"11-01-2022";"12:00";-1,6;-8,4;61;299;3,2;280;12,6;0;1029,8;947,5;100
11240;"Graz/Flughafen";340;"11-01-2022";"12:00";2,9;-3,1;65;170;7,6;;13;0;1028,6;983,7;99
11244;"Bad Gleichenberg";280;"11-01-2022";"12:00";2,7;-4,5;60;114;4,3;128;12,2;0;1029;995,2;100
11265;"Villacher Alpe";2140;"11-01-2022";"12:00";-9,6;-14,8;66;23;33,1;39;49,7;0;;784,3;100
11331;"Klagenfurt/Flughafen";447;"11-01-2022";"12:00";-4,1;-4,8;96;181;4;184;8,6;0;1030,9;973,8;68
11343;"Sonnblick";3105;"11-01-2022";"12:00";-17,7;-20,7;79;44;49,7;42;63;;;693,1;100
11389;"St. Pölten";270;"11-01-2022";"12:00";-0,9;-4,2;78;38;6,8;25;13,3;0;1034,2;1000;0
11010;"Linz/Hörsching";298;"11-01-2022";"13:00";2,2;-2,1;73;0;1,8;;9,4;0;1033,3;994,2;0
11012;"Kremsmünster";383;"11-01-2022";"13:00";1,5;-1,6;80;109;6,8;107;13,3;0;1033,4;984,8;0
11022;"Retz";320;"11-01-2022";"13:00";-0,2;-5,5;68;319;10,1;307;25,2;0;1033,4;993;100
11035;"Wien/Hohe Warte";203;"11-01-2022";"13:00";-0,4;-6,2;65;320;21,2;322;38,9;0;1032,8;1006,3;66
11036;"Wien/Schwechat";183;"11-01-2022";"13:00";0,5;-6,2;61;340;24,1;;40,7;0;1032,4;1009,2;75
11101;"Bregenz";424;"11-01-2022";"13:00";2,6;-1,5;74;247;3,2;243;7,6;0;1031,8;977,8;4
11121;"Innsbruck";579;"11-01-2022";"13:00";1,8;-2,9;71;129;1,8;134;15,5;0;1032,5;960,7;0
11126;"Patscherkofel";2247;"11-01-2022";"13:00";-10,9;-12,3;90;44;9,4;53;24,8;0;;776,9;100
11130;"Kufstein";495;"11-01-2022";"13:00";1,7;-1,7;78;80;7,2;54;15,1;0;1033,2;972,4;17
11150;"Salzburg";430;"11-01-2022";"13:00";2;-1,1;80;320;7,6;;13;0;1033,4;978,2;0
11155;"Feuerkogel";1618;"11-01-2022";"13:00";-6,7;-7,5;95;323;9;339;21,2;0;;842,7;0
11157;"Aigen im Ennstal";640;"11-01-2022";"13:00";0,5;-3,2;76;47;4,3;3;7,9;0;1032;952,1;45
11171;"Mariazell";866;"11-01-2022";"13:00";-3;-5,5;84;6;10,8;358;26,3;0;1032,7;926,9;0
11190;"Eisenstadt";184;"11-01-2022";"13:00";0,6;-6,1;61;317;18;323;54,4;0;1031;1007,9;98
11204;"Lienz";659;"11-01-2022";"13:00";-0,8;-7,7;60;281;4,7;221;8,6;0;1028,9;946,9;100
11240;"Graz/Flughafen";340;"11-01-2022";"13:00";6,3;-8,4;34;10;31,3;;50;0;1027,6;983,2;99
11244;"Bad Gleichenberg";280;"11-01-2022";"13:00";3,6;-4,5;56;55;9,4;78;22,7;0;1028,5;994,8;100
11265;"Villacher Alpe";2140;"11-01-2022";"13:00";-9,4;-14,1;69;32;35,3;31;47,5;0;;784,1;100
11331;"Klagenfurt/Flughafen";447;"11-01-2022";"13:00";-3,9;-4,4;96;135;5,8;165;11,9;0;1030,2;973,2;100
11343;"Sonnblick";3105;"11-01-2022";"13:00";-17,4;-21,1;75;47;52,6;54;69,5;;;692,9;100
11389;"St. Pölten";270;"11-01-2022";"13:00";-0,6;-3,9;79;211;4,3;42;12,6;0;1033,6;999,5;8
11010;"Linz/Hörsching";298;"11-01-2022";"14:00";2,2;-3,4;66;30;5,4;;9,4;0;1033,7;994,5;0
11012;"Kremsmünster";383;"11-01-2022";"14:00";1,6;-2,2;76;87;2,9;96;11,9;0;1033,7;985,1;0
11022;"Retz";320;"11-01-2022";"14:00";0,2;-5,7;65;331;13,3;317;27,4;0;1033,3;993;100
11035;"Wien/Hohe Warte";203;"11-01-2022";"14:00";0,5;-5,7;63;307;13;313;40,7;0;1032,7;1006,3;72
11036;"Wien/Schwechat";183;"11-01-2022";"14:00";0;-5,9;65;330;24,1;;42,5;0;1032,5;1009,2;15
11101;"Bregenz";424;"11-01-2022";"14:00";3;-2,1;69;275;2,5;312;8,6;0;1031,7;977,8;0
11121;"Innsbruck";579;"11-01-2022";"14:00";2,2;-2,5;71;199;0,7;65;7,6;0;1032,5;960,8;0
11126;"Patscherkofel";2247;"11-01-2022";"14:00";-11,2;-12,7;89;47;10,1;31;23,8;0;;777;100
11130;"Kufstein";495;"11-01-2022";"14:00";2,4;-1,6;75;45;9,4;34;19,4;0;1033;972,3;76
11150;"Salzburg";430;"11-01-2022";"14:00";2,4;-0,3;83;280;11,2;;18,4;0;1033,3;978,2;10
11155;"Feuerkogel";1618;"11-01-2022";"14:00";-6,8;-7,7;95;334;13,7;312;27;0;;842,9;0
11157;"Aigen im Ennstal";640;"11-01-2022";"14:00";1,3;-3;73;48;11,2;46;16,2;0;1031,7;952;53
11171;"Mariazell";866;"11-01-2022";"14:00";-3,2;-6,3;80;17;6,8;358;28,4;0;1033;927,1;0
11190;"Eisenstadt";184;"11-01-2022";"14:00";0,4;-6,1;62;335;22,7;326;56,2;0;1031,2;1008,1;95
11204;"Lienz";659;"11-01-2022";"14:00";-1,1;-7,2;64;115;6,1;120;15,1;0;1028,5;946,5;90
11240;"Graz/Flughafen";340;"11-01-2022";"14:00";6,5;-8,8;33;360;22,3;;42,5;0;1027,6;983,3;99
11244;"Bad Gleichenberg";280;"11-01-2022";"14:00";3,8;-4,7;55;51;6,5;66;22,7;0;1028,6;994,9;100
11265;"Villacher Alpe";2140;"11-01-2022";"14:00";-9,1;-13,5;71;19;36,7;38;44,3;0;;783,8;100
11331;"Klagenfurt/Flughafen";447;"11-01-2022";"14:00";-3,9;-4,5;96;157;8,3;136;15,8;0;1030;973;99
11343;"Sonnblick";3105;"11-01-2022";"14:00";-17,8;-21,3;76;35;54;46;71,6;;;692,6;100
11389;"St. Pölten";270;"11-01-2022";"14:00";-0,4;-3,9;77;215;4,7;205;9;0;1033,8;999,7;0
11010;"Linz/Hörsching";298;"11-01-2022";"15:00";1,9;-3,1;70;50;7,6;;13;0;1034;994,8;0
11012;"Kremsmünster";383;"11-01-2022";"15:00";1,6;-1,5;80;103;2,2;93;10,1;0;1034;985,4;0
11022;"Retz";320;"11-01-2022";"15:00";0,1;-5,3;67;320;12,2;348;27;0;1033,6;993,3;100
11035;"Wien/Hohe Warte";203;"11-01-2022";"15:00";0,1;-5,5;66;311;14;329;31,7;0;1033,1;1006,7;38
11036;"Wien/Schwechat";183;"11-01-2022";"15:00";-0,4;-6,7;62;330;16,6;;44,3;0;1032,9;1009,6;24
11101;"Bregenz";424;"11-01-2022";"15:00";3,1;-2,1;69;137;3,6;352;13,7;0;1031,6;977,7;0
11121;"Innsbruck";579;"11-01-2022";"15:00";2,7;-2,3;70;249;5;241;9,4;0;1032,3;960,8;30
11126;"Patscherkofel";2247;"11-01-2022";"15:00";-11,4;-13;88;47;8,3;56;22,7;0;;777,3;100
11130;"Kufstein";495;"11-01-2022";"15:00";2,3;-1,4;77;100;5,8;33;17,6;0;1033;972,3;92
11150;"Salzburg";430;"11-01-2022";"15:00";1,7;-1,3;80;270;11,2;;18,4;0;1033,6;978,4;18
11155;"Feuerkogel";1618;"11-01-2022";"15:00";-7,2;-8,1;94;329;19,4;333;28,8;0;;843,2;0
11157;"Aigen im Ennstal";640;"11-01-2022";"15:00";0,7;-3,6;73;15;10,4;49;23;0;1032,4;952,5;34
11171;"Mariazell";866;"11-01-2022";"15:00";-3,8;-6,7;82;17;9,7;38;20,2;0;1033,8;927,6;2
11190;"Eisenstadt";184;"11-01-2022";"15:00";0,4;-5,9;64;335;16,6;345;47,2;0;1031,5;1008,4;79
11204;"Lienz";659;"11-01-2022";"15:00";-3,9;-8,5;71;262;1,4;124;14,8;0;1029,6;946,7;0
11240;"Graz/Flughafen";340;"11-01-2022";"15:00";5,4;-9,6;33;360;25,9;;37,1;0;1028,2;983,7;99
11244;"Bad Gleichenberg";280;"11-01-2022";"15:00";3,6;-6;50;54;7,9;80;26,6;0;1028,9;995,2;100
11265;"Villacher Alpe";2140;"11-01-2022";"15:00";-9,4;-14,6;66;22;44,3;21;51,8;;;784,1;100
11331;"Klagenfurt/Flughafen";447;"11-01-2022";"15:00";-4,3;-5;95;164;7,9;149;15,8;0;1030,5;973,4;44
11343;"Sonnblick";3105;"11-01-2022";"15:00";-18;-21,5;75;29;54,7;50;68;;;692,5;100
11389;"St. Pölten";270;"11-01-2022";"15:00";-0,2;-3;82;233;6,8;221;11,9;0;1034,1;1000;0
11010;"Linz/Hörsching";298;"11-01-2022";"16:00";1,2;-4,1;68;40;13;;14,8;0;1034,3;995;0
11012;"Kremsmünster";383;"11-01-2022";"16:00";1,4;-2,2;78;90;1,8;76;6,1;0;1034,1;985,4;0
11022;"Retz";320;"11-01-2022";"16:00";-1,1;-5,5;72;314;11,2;324;25,9;0;1033,9;993,4;94
11035;"Wien/Hohe Warte";203;"11-01-2022";"16:00";-0,1;-5,5;67;324;13,7;314;31;0;1033,2;1006,8;61
11036;"Wien/Schwechat";183;"11-01-2022";"16:00";-0,4;-6,8;62;330;24,1;;40,7;0;1032,9;1009,6;21
11101;"Bregenz";424;"11-01-2022";"16:00";3,2;-2,5;66;340;8,3;335;16,2;0;1031,7;977,8;37
11121;"Innsbruck";579;"11-01-2022";"16:00";2,1;-3,3;68;191;0,7;234;10,1;0;1032,8;961,1;0
11126;"Patscherkofel";2247;"11-01-2022";"16:00";-11,7;-13,6;86;36;14,8;30;24,5;0;;777,5;99
11130;"Kufstein";495;"11-01-2022";"16:00";1,4;-1,5;81;77;4,3;65;13;0;1033,3;972,4;11
11150;"Salzburg";430;"11-01-2022";"16:00";1,1;-1,4;83;310;5,4;;14,8;0;1033,8;978,4;29
11155;"Feuerkogel";1618;"11-01-2022";"16:00";-7,5;-8,4;94;319;13,7;321;27,4;0;;843,2;0
11157;"Aigen im Ennstal";640;"11-01-2022";"16:00";-0,1;-4,2;74;32;15,1;47;23,4;0;1033,3;953,1;26
11171;"Mariazell";866;"11-01-2022";"16:00";-4,4;-7,1;82;352;7,2;3;20,5;0;1034,2;927,7;0
11190;"Eisenstadt";184;"11-01-2022";"16:00";0;-5,9;65;323;26,6;328;48,6;0;1031;1007,9;44
11204;"Lienz";659;"11-01-2022";"16:00";-4,1;-8,1;74;134;7,2;74;14;0;1030,4;947,3;0
11240;"Graz/Flughafen";340;"11-01-2022";"16:00";3,3;-9,5;38;10;16,6;;37,1;0;1028,9;984;95
11244;"Bad Gleichenberg";280;"11-01-2022";"16:00";2,3;-6,8;52;55;6,1;61;22;0;1029,5;995,6;82
11265;"Villacher Alpe";2140;"11-01-2022";"16:00";-9,9;-14,3;71;23;42,5;30;52,2;0;;784,5;99
11331;"Klagenfurt/Flughafen";447;"11-01-2022";"16:00";-4;-4,7;96;169;2,9;151;16,6;0;1030,7;973,6;67
11343;"Sonnblick";3105;"11-01-2022";"16:00";-18,4;-21,8;76;35;54,4;29;70,6;;;692,5;100
11389;"St. Pölten";270;"11-01-2022";"16:00";-0,4;-2,8;85;257;2,9;243;11,2;0;1034,4;1000,3;0
11010;"Linz/Hörsching";298;"11-01-2022";"17:00";0,3;-4,2;72;30;7,6;;14,8;0;1034,8;995,3;0
11012;"Kremsmünster";383;"11-01-2022";"17:00";1,1;-2;80;9;2,5;13;9,4;0;1034,4;985,7;0
11022;"Retz";320;"11-01-2022";"17:00";-2;-5,9;75;318;16,6;306;26,6;0;1034,4;993,7;0
11035;"Wien/Hohe Warte";203;"11-01-2022";"17:00";-0,4;-5,6;68;317;14,8;313;29,5;0;1033,3;1006,8;0
11036;"Wien/Schwechat";183;"11-01-2022";"17:00";-1,1;-6,7;66;330;16,6;;35,3;0;1033,4;1010;0
11101;"Bregenz";424;"11-01-2022";"17:00";0,8;-2;82;100;5,8;340;16,2;0;1032,6;978,2;5
11121;"Innsbruck";579;"11-01-2022";"17:00";1,5;-2,5;75;65;7,2;68;10,8;0;1033,3;961,4;0
11126;"Patscherkofel";2247;"11-01-2022";"17:00";-12,4;-14,5;86;30;22;31;23,8;0;;777,6;51
11130;"Kufstein";495;"11-01-2022";"17:00";1;-1,9;81;66;9;47;16,2;0;1034,1;973,1;0
11150;"Salzburg";430;"11-01-2022";"17:00";0,9;-1,7;83;260;3,6;;9,4;0;1034,3;978,9;3
11155;"Feuerkogel";1618;"11-01-2022";"17:00";-7,7;-8,8;94;341;12,2;308;21,2;0;;843,5;0
11157;"Aigen im Ennstal";640;"11-01-2022";"17:00";-1,9;-5,6;76;17;7,2;36;18,4;0;1034,3;953,5;0
11171;"Mariazell";866;"11-01-2022";"17:00";-5,6;-7,9;84;347;6,5;342;18,4;0;1035,2;928,1;0
11190;"Eisenstadt";184;"11-01-2022";"17:00";-0,1;-5,8;66;326;28,1;337;49,7;0;1031,3;1008,2;0
11204;"Lienz";659;"11-01-2022";"17:00";-5,3;-8,8;77;287;1,4;232;15,5;0;1031,5;948;0
11240;"Graz/Flughafen";340;"11-01-2022";"17:00";-0,5;-9,4;51;360;13;;24,1;0;1030,2;984,6;1
11244;"Bad Gleichenberg";280;"11-01-2022";"17:00";1,3;-6,6;56;3;8,3;57;20,5;0;1029,8;995,8;0
11265;"Villacher Alpe";2140;"11-01-2022";"17:00";-10,5;-14,7;72;18;47,2;28;55,8;0;;784,4;64
11331;"Klagenfurt/Flughafen";447;"11-01-2022";"17:00";-6,5;-7,3;100;177;4;170;9,4;0;1031,5;973,8;0
11343;"Sonnblick";3105;"11-01-2022";"17:00";-18,3;-21,5;77;35;61,9;39;74,9;;;692,5;46
11389;"St. Pölten";270;"11-01-2022";"17:00";-0,9;-5;74;318;9,4;313;15,1;0;1034,9;1000,7;0
11010;"Linz/Hörsching";298;"11-01-2022";"18:00";-0,7;-4,5;76;90;3,6;;11,2;0;1035,7;996;0
11012;"Kremsmünster";383;"11-01-2022";"18:00";0,2;-3,5;77;85;9,7;38;18,7;0;1035,4;986,4;0
11022;"Retz";320;"11-01-2022";"18:00";-2,7;-6,4;76;307;16,9;312;26,3;0;1035,3;994,5;0
11035;"Wien/Hohe Warte";203;"11-01-2022";"18:00";-0,7;-5,6;70;315;15,8;296;31;0;1033,9;1007,4;0
11036;"Wien/Schwechat";183;"11-01-2022";"18:00";-1,4;-6,2;70;330;18,4;;25,9;0;1034;1010,6;0
11101;"Bregenz";424;"11-01-2022";"18:00";-0,6;-2,8;86;145;6,5;175;9,7;0;1033,5;978,8;0
11121;"Innsbruck";579;"11-01-2022";"18:00";1,1;-2,8;75;71;14,4;68;20,9;0;1034,3;962,2;0
11126;"Patscherkofel";2247;"11-01-2022";"18:00";-12,8;-14,8;86;53;15,8;33;24,5;0;;778;0
11130;"Kufstein";495;"11-01-2022";"18:00";-0,2;-2,5;85;63;5,4;63;17,3;0;1034,7;973,4;0
11150;"Salzburg";430;"11-01-2022";"18:00";-0,2;-1,4;92;0;1,8;;7,6;0;1035;979,3;0
11155;"Feuerkogel";1618;"11-01-2022";"18:00";-8,1;-9,3;92;310;13;319;20,2;0;;843,8;0
11157;"Aigen im Ennstal";640;"11-01-2022";"18:00";-2,9;-6;80;153;3,2;29;12,6;0;1035,3;954,1;0
11171;"Mariazell";866;"11-01-2022";"18:00";-6,8;-8,3;90;155;5,4;35;14;0;1036,4;928,8;0
11190;"Eisenstadt";184;"11-01-2022";"18:00";-0,3;-5,8;67;321;28,1;333;48,2;0;1031,9;1008,7;0
11204;"Lienz";659;"11-01-2022";"18:00";-7,2;-9,7;84;;2,9;211;8,3;0;1032,8;948,6;0
11240;"Graz/Flughafen";340;"11-01-2022";"18:00";0;-8,8;51;0;1,8;;14,8;0;1030,7;985,2;0
11244;"Bad Gleichenberg";280;"11-01-2022";"18:00";0,3;-6,6;60;129;1,1;340;21,2;0;1031;996,8;0
11265;"Villacher Alpe";2140;"11-01-2022";"18:00";-10,5;-16,6;61;22;54,7;23;77,4;0;;784,3;0
11331;"Klagenfurt/Flughafen";447;"11-01-2022";"18:00";-5,9;-7;95;71;2,2;166;12,2;0;1032;974,4;0
11343;"Sonnblick";3105;"11-01-2022";"18:00";-18,5;-21,8;77;40;61,2;49;81,4;;;693;0
11389;"St. Pölten";270;"11-01-2022";"18:00";-1,6;-5,3;76;289;7,6;283;14,8;0;1035,4;1001,1;0
11010;"Linz/Hörsching";298;"11-01-2022";"19:00";-1,6;-5,1;77;50;9,4;;13;0;1036,4;996,6;0
11012;"Kremsmünster";383;"11-01-2022";"19:00";-0,9;-4,2;79;70;9;86;13,7;0;1036,1;986,9;0
11022;"Retz";320;"11-01-2022";"19:00";-3,2;-6,9;76;321;19,8;306;31,3;0;1035,8;994,9;0
11035;"Wien/Hohe Warte";203;"11-01-2022";"19:00";-0,9;-5,9;69;301;17,6;296;37,8;0;1034,9;1008,3;0
11036;"Wien/Schwechat";183;"11-01-2022";"19:00";-1,4;-5,7;73;320;20,5;;31,3;0;1034,5;1011,1;0
11101;"Bregenz";424;"11-01-2022";"19:00";-0,4;-3,2;82;76;7,9;67;14;0;1033,6;978,9;0
11121;"Innsbruck";579;"11-01-2022";"19:00";0,5;-2,9;78;100;6,1;76;20,9;0;1034,7;962,4;0
11126;"Patscherkofel";2247;"11-01-2022";"19:00";-13;-15,1;85;48;13,3;63;25,2;0;;778,2;0
11130;"Kufstein";495;"11-01-2022";"19:00";-1,6;-4,1;83;30;1,8;34;9;0;1035,5;973,8;0
11150;"Salzburg";430;"11-01-2022";"19:00";-1;-1,5;96;250;7,6;;11,2;0;1035,7;979,8;0
11155;"Feuerkogel";1618;"11-01-2022";"19:00";-8,4;-9,4;94;317;8,3;276;18,4;0;;844,2;0
11157;"Aigen im Ennstal";640;"11-01-2022";"19:00";-3,9;-6,7;81;24;2,5;88;11,9;0;1035,9;954,4;0
11171;"Mariazell";866;"11-01-2022";"19:00";-6,9;-8,4;90;52;1,4;157;10,4;0;1036,9;929,2;0
11190;"Eisenstadt";184;"11-01-2022";"19:00";-0,4;-5,6;69;323;30,2;328;53,6;0;1032,3;1009,1;0
11204;"Lienz";659;"11-01-2022";"19:00";-8,4;-10,6;84;339;0,7;229;10,1;0;1033,7;949,1;0
11240;"Graz/Flughafen";340;"11-01-2022";"19:00";-1,8;-5,7;75;160;3,6;;7,6;0;1031,6;985,8;0
11244;"Bad Gleichenberg";280;"11-01-2022";"19:00";-0,5;-6,8;63;17;4;33;18;0;1031,4;997,1;0
11265;"Villacher Alpe";2140;"11-01-2022";"19:00";-10,8;-17,4;59;25;52,6;40;83,5;0,4;;784,8;0
11331;"Klagenfurt/Flughafen";447;"11-01-2022";"19:00";-6,9;-8,1;94;273;1,8;171;11,5;0;1032,9;975,1;0
11343;"Sonnblick";3105;"11-01-2022";"19:00";-18,6;-22,2;74;44;64,4;49;80,3;;;693,2;0
11389;"St. Pölten";270;"11-01-2022";"19:00";-2,1;-5,8;76;321;4,3;283;14,8;0;1036,3;1001,9;0
11010;"Linz/Hörsching";298;"11-01-2022";"20:00";-2,2;-4,9;82;0;1,8;;13;0;1036,8;996,9;0
11012;"Kremsmünster";383;"11-01-2022";"20:00";-1,5;-4,4;81;64;8,3;42;15,1;0;1036,7;987,4;0
11022;"Retz";320;"11-01-2022";"20:00";-3,7;-7,1;78;330;16,9;311;30,6;0;1036,2;995,2;0
11035;"Wien/Hohe Warte";203;"11-01-2022";"20:00";-1,5;-6;72;303;14;318;34,6;0;1035,4;1008,8;0
11036;"Wien/Schwechat";183;"11-01-2022";"20:00";-1,7;-5,8;73;320;22,3;;33,5;0;1035,2;1011,7;0
11101;"Bregenz";424;"11-01-2022";"20:00";-0,8;-3,2;84;0;0;78;17,6;0;1034;979,2;0
11121;"Innsbruck";579;"11-01-2022";"20:00";-0,3;-3,2;81;159;5;63;10,1;0;1035,4;962,9;0
11126;"Patscherkofel";2247;"11-01-2022";"20:00";-13,2;-15,6;83;43;13,3;33;24,1;0;;778,2;0
11130;"Kufstein";495;"11-01-2022";"20:00";-2;-3,6;89;46;0,7;58;3,2;0;1036,1;974,3;0
11150;"Salzburg";430;"11-01-2022";"20:00";-1,8;-2,6;95;230;7,6;;11,2;0;1036,2;980,1;0
11155;"Feuerkogel";1618;"11-01-2022";"20:00";-8,5;-9,6;93;326;7,9;313;18;0;;844,4;0
11157;"Aigen im Ennstal";640;"11-01-2022";"20:00";-4,8;-7,2;83;35;4,3;1;9;0;1037,1;955,2;0
11171;"Mariazell";866;"11-01-2022";"20:00";-7;-8,4;91;281;2,5;267;7,2;0;1037,6;929,8;0
11190;"Eisenstadt";184;"11-01-2022";"20:00";-0,7;-5,7;70;321;33,5;309;58,7;0;1032,7;1009,5;0
11204;"Lienz";659;"11-01-2022";"20:00";-9,3;-11,1;88;228;2,5;50;9,7;0;1034,1;949,2;0
11240;"Graz/Flughafen";340;"11-01-2022";"20:00";-4,1;-6,3;84;160;5,4;;14,8;0;1032,5;986,2;0
11244;"Bad Gleichenberg";280;"11-01-2022";"20:00";-0,9;-7;63;88;3,2;354;18,4;0;1032,1;997,7;0
11265;"Villacher Alpe";2140;"11-01-2022";"20:00";-11,2;-17,3;61;30;53,3;31;74,9;0,2;;785,2;0
11331;"Klagenfurt/Flughafen";447;"11-01-2022";"20:00";-7,2;-8,4;93;299;1,8;283;6,5;0;1033,5;975,6;0
11343;"Sonnblick";3105;"11-01-2022";"20:00";-18,1;-21,5;74;47;73,4;54;85,7;;;693,4;0
11389;"St. Pölten";270;"11-01-2022";"20:00";-2,6;-5,8;80;211;3,6;289;13,7;0;1036,8;1002,3;0
11010;"Linz/Hörsching";298;"11-01-2022";"21:00";-2,5;-5,4;81;170;3,6;;5,4;0;1037,5;997,5;0
11012;"Kremsmünster";383;"11-01-2022";"21:00";-2;-4,7;83;107;13;106;18;0;1037,3;987,9;0
11022;"Retz";320;"11-01-2022";"21:00";-4,3;-7,2;80;303;14,8;324;26,3;0;1037;995,9;0
11035;"Wien/Hohe Warte";203;"11-01-2022";"21:00";-1,8;-6,4;71;321;12,6;329;33,5;0;1036;1009,3;0
11036;"Wien/Schwechat";183;"11-01-2022";"21:00";-2,3;-6,1;75;320;22,3;;33,5;0;1035,5;1012;0
11101;"Bregenz";424;"11-01-2022";"21:00";-1,7;-3,6;87;100;2,5;152;9,7;0;1034,8;979,8;0
11121;"Innsbruck";579;"11-01-2022";"21:00";-0,6;-3,8;79;158;7,2;162;11,5;0;1036;963,4;0
11126;"Patscherkofel";2247;"11-01-2022";"21:00";-13,5;-16,4;80;44;14,8;54;29,5;0;;778,5;0
11130;"Kufstein";495;"11-01-2022";"21:00";-2;-3,9;88;70;2,9;32;6,8;0;1036,7;974,8;0
11150;"Salzburg";430;"11-01-2022";"21:00";-1,8;-2,8;93;200;9,4;;13;0;1036,6;980,5;0
11155;"Feuerkogel";1618;"11-01-2022";"21:00";-9,3;-10,7;91;278;4,7;285;16,6;0;;844,7;0
11157;"Aigen im Ennstal";640;"11-01-2022";"21:00";-4,9;-7,4;83;192;4,3;322;10,8;0;1037,7;955,7;0
11171;"Mariazell";866;"11-01-2022";"21:00";-7,8;-9,1;91;55;2,2;342;7,2;0;1038,2;930;0
11190;"Eisenstadt";184;"11-01-2022";"21:00";-1;-5,9;70;321;32,4;330;62,6;0;1033,3;1010;0
11204;"Lienz";659;"11-01-2022";"21:00";-8,6;-10,2;89;60;4,3;191;10,8;0;1034,7;949,9;0
11240;"Graz/Flughafen";340;"11-01-2022";"21:00";-3,9;-7,1;78;140;7,6;;13;0;1032,8;986,6;0
11244;"Bad Gleichenberg";280;"11-01-2022";"21:00";-1,5;-7,3;66;44;3,6;357;12,2;0;1032,4;998;0
11265;"Villacher Alpe";2140;"11-01-2022";"21:00";-11;-18;57;28;55,8;36;75,2;0;;785,3;0
11331;"Klagenfurt/Flughafen";447;"11-01-2022";"21:00";-8,3;-9,6;92;296;1,1;166;6,5;0;1034,5;976,3;0
11343;"Sonnblick";3105;"11-01-2022";"21:00";-18,3;-21,6;75;39;65,2;53;81;;;693,4;0
11389;"St. Pölten";270;"11-01-2022";"21:00";-3,6;-6,1;83;239;5,4;285;9,4;0;1037,5;1002,9;0
11010;"Linz/Hörsching";298;"11-01-2022";"22:00";-3,2;-5,6;84;120;7,6;;9,4;0;1037,9;997,8;0
11012;"Kremsmünster";383;"11-01-2022";"22:00";-2,3;-5,3;81;61;9;100;24,1;0;1037,6;988,1;0
11022;"Retz";320;"11-01-2022";"22:00";-5,1;-7,7;82;298;22,7;300;29,9;0;1037;995,8;0
11035;"Wien/Hohe Warte";203;"11-01-2022";"22:00";-2,3;-6,4;74;304;15,8;320;37,1;0;1036,2;1009,5;0
11036;"Wien/Schwechat";183;"11-01-2022";"22:00";-2,9;-6,4;76;310;22,3;;33,5;0;1036;1012,4;0
11101;"Bregenz";424;"11-01-2022";"22:00";-1,7;-3,5;88;167;4,3;154;10,1;0;1034,8;979,8;0
11121;"Innsbruck";579;"11-01-2022";"22:00";-0,7;-4,8;74;122;4,7;108;10,1;0;1036,4;963,7;0
11126;"Patscherkofel";2247;"11-01-2022";"22:00";-13,5;-17,4;72;50;20,2;51;30,6;0;;778,6;0
11130;"Kufstein";495;"11-01-2022";"22:00";-1,9;-3,9;87;246;2,5;44;7,9;0;1036,7;974,9;0
11150;"Salzburg";430;"11-01-2022";"22:00";-1,7;-2,5;94;220;5,4;;13;0;1036,8;980,7;0
11155;"Feuerkogel";1618;"11-01-2022";"22:00";-10,2;-11,5;91;249;2,9;288;11,2;0;;844,7;0
11157;"Aigen im Ennstal";640;"11-01-2022";"22:00";-5,9;-7,7;87;147;3,6;325;9,7;0;1038,6;956,3;0
11171;"Mariazell";866;"11-01-2022";"22:00";-7,6;-8,9;91;279;1,8;360;8,3;0;1038,6;930,4;0
11190;"Eisenstadt";184;"11-01-2022";"22:00";-1,5;-6,1;72;321;28,8;323;56,5;0;1033,7;1010,4;0
11204;"Lienz";659;"11-01-2022";"22:00";-9,7;-11,2;90;240;2,9;348;9,7;0;1035,7;950,5;0
11240;"Graz/Flughafen";340;"11-01-2022";"22:00";-4;-6,5;83;160;9,4;;13;0;1033,3;987;0
11244;"Bad Gleichenberg";280;"11-01-2022";"22:00";-3,6;-7,3;76;317;2,5;87;8,3;0;1033,3;998,6;0
11265;"Villacher Alpe";2140;"11-01-2022";"22:00";-11,2;-18,5;55;36;54,7;35;74,5;0,1;;786;0
11331;"Klagenfurt/Flughafen";447;"11-01-2022";"22:00";-8,4;-9,7;91;351;7,2;360;11,2;0;1034,8;976,5;0
11343;"Sonnblick";3105;"11-01-2022";"22:00";-18,5;-21,5;77;35;63;50;90,4;;;693,5;0
11389;"St. Pölten";270;"11-01-2022";"22:00";-3,8;-6,1;84;211;4,3;192;9,4;0;1037,8;1003,1;0
11010;"Linz/Hörsching";298;"11-01-2022";"23:00";-3,5;-5,8;84;140;5,4;;9,4;0;1038,1;997,9;0
11012;"Kremsmünster";383;"11-01-2022";"23:00";-2,9;-6,1;80;97;12,2;94;21,6;0;1037,7;988,1;0
11022;"Retz";320;"11-01-2022";"23:00";-5,2;-7,8;82;304;21,2;304;33,5;0;1037,1;995,8;0
11035;"Wien/Hohe Warte";203;"11-01-2022";"23:00";-2,5;-6,5;74;301;14,4;328;28,1;0;1036,2;1009,4;0
11036;"Wien/Schwechat";183;"11-01-2022";"23:00";-2,6;-6,4;76;310;25,9;;35,3;0;1036,1;1012,5;0
11101;"Bregenz";424;"11-01-2022";"23:00";-1,9;-3,8;88;227;2,2;72;10,1;0;1035,3;980,2;0
11121;"Innsbruck";579;"11-01-2022";"23:00";-1,1;-4,8;76;77;6,1;133;10,1;0;1036,8;964;0
11126;"Patscherkofel";2247;"11-01-2022";"23:00";-12,4;-19,7;55;51;23;63;34,6;0;;778,6;0
11130;"Kufstein";495;"11-01-2022";"23:00";-2;-4,2;85;61;1,4;31;6,8;0;1037,3;975,4;0
11150;"Salzburg";430;"11-01-2022";"23:00";-2,1;-3,1;93;190;3,6;;7,6;0;1037;980,8;0
11155;"Feuerkogel";1618;"11-01-2022";"23:00";-10,7;-12,3;90;313;4;309;14,8;0;;844,8;0
11157;"Aigen im Ennstal";640;"11-01-2022";"23:00";-6,5;-8,3;86;46;2,9;333;8,3;0;1039,2;956,6;0
11171;"Mariazell";866;"11-01-2022";"23:00";-8,1;-9,3;91;105;2,5;180;7,6;0;1039,1;930,7;0
11190;"Eisenstadt";184;"11-01-2022";"23:00";-1,7;-6,2;72;314;25,9;336;55,8;0;1034;1010,7;0
11204;"Lienz";659;"11-01-2022";"23:00";-9,6;-11,3;89;304;2,5;174;13,3;0;1036,4;951,2;0
11240;"Graz/Flughafen";340;"11-01-2022";"23:00";-6,1;-8,3;85;150;3,6;;13;0;1034,2;987,5;0
11244;"Bad Gleichenberg";280;"11-01-2022";"23:00";-4,7;-7,5;82;331;2,5;322;7,2;0;1033,8;998,9;0
11265;"Villacher Alpe";2140;"11-01-2022";"23:00";-11,1;-19,4;51;35;57,2;40;67;0;;786,2;0
11331;"Klagenfurt/Flughafen";447;"11-01-2022";"23:00";-8,4;-9,9;92;43;1,4;253;10,8;0;1035,6;977,3;0
11343;"Sonnblick";3105;"11-01-2022";"23:00";-18,8;-22,2;75;43;54,7;43;82,4;;;694,3;0
11389;"St. Pölten";270;"11-01-2022";"23:00";-3,7;-6;86;210;6,5;194;12,6;0;1037,6;1003;0
