"Station";"Name";"Höhe m";"Datum";"Zeit";"T °C";"TP °C";"RF %";"WR °";"WG km/h";"WSR °";"WSG km/h";"N l/m²";"LDred hPa";"LDstat hPa";"SO %"
11010;"Linz/Hörsching";298;"06-12-2023";"00:00";-2,1;-2,4;98;40;9,4;;18,4;0;1016,1;977;0
11012;"Kremsmünster";383;"06-12-2023";"00:00";-1,8;-2,7;94;1;6,5;352;11,9;0;1015,7;967,3;0
11022;"Retz";320;"06-12-2023";"00:00";-1,7;-2,8;93;49;4,3;68;8,3;0,1;1016,5;976,6;0
11035;"Wien/Hohe Warte";203;"06-12-2023";"00:00";0;-1,5;90;79;4,3;77;7,2;0,1;1015,9;989,9;0
11036;"Wien/Schwechat";183;"06-12-2023";"00:00";-0,9;-2;92;110;5,4;;7,6;0,1;1016,3;993,3;0
11101;"Bregenz";424;"06-12-2023";"00:00";3,3;1,1;86;120;11,2;116;23,4;0;1014,2;961,3;0
11121;"Innsbruck";579;"06-12-2023";"00:00";-0,1;-0,3;100;316;2,5;228;6,1;0;1015,7;944,6;0
11126;"Patscherkofel";2247;"06-12-2023";"00:00";-7,3;-8,4;94;343;17,6;333;23,8;0;;765,5;0
11130;"Kufstein";495;"06-12-2023";"00:00";0,6;0,1;97;275;8,3;273;15,8;0;1015,2;955,2;0
11150;"Salzburg";430;"06-12-2023";"00:00";2,2;0,4;88;160;13;;22,3;0;1014,2;960,1;0
11155;"Feuerkogel";1618;"06-12-2023";"00:00";-4;-6,9;81;315;8,6;306;24,5;0;;829,6;0
11157;"Aigen im Ennstal";640;"06-12-2023";"00:00";-2,3;-3,1;95;128;1,4;43;6,1;0,3;1017;937,4;0
11171;"Mariazell";866;"06-12-2023";"00:00";-0,8;-1,4;96;153;2,5;1;5;1,1;1015,1;911,9;0
11190;"Eisenstadt";184;"06-12-2023";"00:00";-0,3;-1,3;94;23;0,7;51;6,8;0,3;1015,8;993;0
11204;"Lienz";659;"06-12-2023";"00:00";-1,3;-3,3;87;;;;;0;1015,3;934,3;0
11240;"Graz/Flughafen";340;"06-12-2023";"00:00";-1,1;-1,6;96;0;1,8;;5,4;0,4;1015,4;970,4;0
11244;"Bad Gleichenberg";280;"06-12-2023";"00:00";-0,6;-1,2;95;358;2,9;357;5,4;0,2;1015,1;981,4;0
11265;"Villacher Alpe";2140;"06-12-2023";"00:00";-5,5;-6,3;95;61;24,1;62;27,4;0;;774,1;0
11331;"Klagenfurt/Flughafen";447;"06-12-2023";"00:00";-1,5;-2,4;96;353;1,1;43;3,2;0;1015,6;959,9;0
11343;"Sonnblick";3105;"06-12-2023";"00:00";-12,3;-14,2;88;54;14,8;68;20,5;;;684,5;0
11389;"St. Pölten";270;"06-12-2023";"00:00";-1,4;-2,1;95;204;4,3;172;6,8;0,1;1016;982,4;0
11010;"Linz/Hörsching";298;"06-12-2023";"01:00";-2;-2,4;97;80;5,4;;14,8;0;1015,7;976,6;0
11012;"Kremsmünster";383;"06-12-2023";"01:00";-2,2;-2,9;96;34;6,8;1;13,7;0;1015,5;967,1;0
11022;"Retz";320;"06-12-2023";"01:00";-1,8;-2,8;94;31;4,3;66;9,4;0;1016,1;976,2;0
11035;"Wien/Hohe Warte";203;"06-12-2023";"01:00";-0,3;-1,2;94;73;4;91;7,9;0,5;1015,5;989,5;0
11036;"Wien/Schwechat";183;"06-12-2023";"01:00";-1;-1,9;94;120;3,6;;9,4;0,5;1016;993;0
11101;"Bregenz";424;"06-12-2023";"01:00";2,8;1,2;91;115;8,3;121;17,3;0;1014,5;961,5;0
11121;"Innsbruck";579;"06-12-2023";"01:00";-0,1;-0,3;100;;2,5;267;10,1;0;1015,7;944,6;0
11126;"Patscherkofel";2247;"06-12-2023";"01:00";-7,8;-9,1;91;344;14,4;347;21,2;0;;765,5;0
11130;"Kufstein";495;"06-12-2023";"01:00";0,4;0;98;230;2,5;274;13;0;1015,1;955,1;0
11150;"Salzburg";430;"06-12-2023";"01:00";1,5;0;90;170;13;;22,3;0;1014,2;960;0
11155;"Feuerkogel";1618;"06-12-2023";"01:00";-3,7;-7,1;78;319;9;316;14,8;0;;829,3;0
11157;"Aigen im Ennstal";640;"06-12-2023";"01:00";-3,1;-4,1;94;233;4,3;43;7,2;0;1016,9;937,1;0
11171;"Mariazell";866;"06-12-2023";"01:00";-0,6;-1,1;97;188;0,7;131;4,7;0,3;1014,6;911,6;0
11190;"Eisenstadt";184;"06-12-2023";"01:00";-0,4;-1,1;96;224;1,1;303;5,4;0,5;1015,4;992,6;0
11204;"Lienz";659;"06-12-2023";"01:00";-1,3;-3,2;88;;;;;0;1014,7;933,8;0
11240;"Graz/Flughafen";340;"06-12-2023";"01:00";-1,1;-1,6;97;0;1,8;;1,8;0,8;1015;970;0
11244;"Bad Gleichenberg";280;"06-12-2023";"01:00";-0,6;-1,2;95;317;1,8;291;4;0,4;1014,9;981,2;0
11265;"Villacher Alpe";2140;"06-12-2023";"01:00";-5,7;-6,5;95;45;24,8;46;26,6;0;;773,7;0
11331;"Klagenfurt/Flughafen";447;"06-12-2023";"01:00";-1,5;-2,3;96;298;3,2;173;5;0;1015;959,3;0
11343;"Sonnblick";3105;"06-12-2023";"01:00";-12,6;-14,5;88;55;13;58;18,4;;;684,3;0
11389;"St. Pölten";270;"06-12-2023";"01:00";-1,4;-2,1;95;166;4;165;8,3;0;1015,7;982,1;0
11010;"Linz/Hörsching";298;"06-12-2023";"02:00";-2,9;-3;99;0;1,8;;7,6;0;1015,7;976,5;0
11012;"Kremsmünster";383;"06-12-2023";"02:00";-2,3;-2,9;96;54;5;29;11,9;0;1015,4;967;0
11022;"Retz";320;"06-12-2023";"02:00";-1,9;-2,8;95;55;7,6;33;12,2;0;1015,9;976;0
11035;"Wien/Hohe Warte";203;"06-12-2023";"02:00";-0,4;-1,2;95;86;2,9;112;8,6;0,5;1015,5;989,5;0
11036;"Wien/Schwechat";183;"06-12-2023";"02:00";-1,1;-1,9;94;110;5,4;;7,6;0,5;1016;993;0
11101;"Bregenz";424;"06-12-2023";"02:00";2,8;1,2;91;103;4,7;151;18;0;1014,4;961,4;0
11121;"Innsbruck";579;"06-12-2023";"02:00";-0,1;-0,3;100;110;2,5;311;7,2;0;1015,8;944,7;0
11126;"Patscherkofel";2247;"06-12-2023";"02:00";-7,7;-9,3;90;334;16,6;335;23,4;0;;765,5;0
11130;"Kufstein";495;"06-12-2023";"02:00";0,5;0;98;273;8,3;270;15,1;0;1015,3;955,3;0
11150;"Salzburg";430;"06-12-2023";"02:00";1,5;0,2;91;150;5,4;;16,6;0;1014,2;960;0
11155;"Feuerkogel";1618;"06-12-2023";"02:00";-3,6;-6,9;79;311;15,8;312;27,4;0;;829,2;0
11157;"Aigen im Ennstal";640;"06-12-2023";"02:00";-3,4;-4,1;95;17;2,5;194;6,5;0;1016,9;937;0
11171;"Mariazell";866;"06-12-2023";"02:00";-0,5;-1,1;96;135;3,2;4;7,2;0;1014,6;911,6;0
11190;"Eisenstadt";184;"06-12-2023";"02:00";-0,5;-1,1;96;183;0,4;153;3,6;0,9;1015,3;992,5;0
11204;"Lienz";659;"06-12-2023";"02:00";-1,5;-3,2;89;;;;;0;1015;934;0
11240;"Graz/Flughafen";340;"06-12-2023";"02:00";-1,2;-1,5;98;0;1,8;;1,8;0,9;1015,4;970,4;0
11244;"Bad Gleichenberg";280;"06-12-2023";"02:00";-0,6;-1,1;96;325;0,7;273;4;0,7;1014,9;981,2;0
11265;"Villacher Alpe";2140;"06-12-2023";"02:00";-5,7;-6,5;95;48;26,6;47;31,3;0;;773,8;0
11331;"Klagenfurt/Flughafen";447;"06-12-2023";"02:00";-1,4;-2,2;96;134;1,8;276;4,3;0;1015,3;959,6;0
11343;"Sonnblick";3105;"06-12-2023";"02:00";-12,5;-14,5;87;352;10,4;321;19,8;;;684,3;0
11389;"St. Pölten";270;"06-12-2023";"02:00";-1,4;-2,1;95;323;1,8;288;7,6;0;1015,4;981,8;0
11010;"Linz/Hörsching";298;"06-12-2023";"03:00";-3,9;-4,1;99;280;7,6;;9,4;0;1015,9;976,6;0
11012;"Kremsmünster";383;"06-12-2023";"03:00";-2,2;-2,7;97;304;0,7;107;9,4;0;1015,4;967;0
11022;"Retz";320;"06-12-2023";"03:00";-2;-2,8;95;52;6,5;32;13;0;1015,8;975,9;0
11035;"Wien/Hohe Warte";203;"06-12-2023";"03:00";-0,6;-1,3;95;80;4,3;121;9;0,4;1015,4;989,4;0
11036;"Wien/Schwechat";183;"06-12-2023";"03:00";-1,1;-1,8;95;0;1,8;;9,4;0,7;1015,8;992,8;0
11101;"Bregenz";424;"06-12-2023";"03:00";2,3;1,4;94;78;6,8;89;12,2;0;1015,1;961,9;0
11121;"Innsbruck";579;"06-12-2023";"03:00";-0,1;-0,3;100;138;1,4;134;5,4;0;1016;944,9;0
11126;"Patscherkofel";2247;"06-12-2023";"03:00";-7,7;-9,1;91;337;17,3;337;24,8;0;;765,8;0
11130;"Kufstein";495;"06-12-2023";"03:00";0,5;0;97;273;6,5;275;14,8;0;1015,3;955,3;0
11150;"Salzburg";430;"06-12-2023";"03:00";1,7;0;88;170;14,8;;22,3;0;1014,3;960,1;0
11155;"Feuerkogel";1618;"06-12-2023";"03:00";-3,6;-6;84;307;19,4;304;36;0;;829,2;0
11157;"Aigen im Ennstal";640;"06-12-2023";"03:00";-4,1;-4,7;97;355;0,7;106;7,9;0;1017,4;937,3;0
11171;"Mariazell";866;"06-12-2023";"03:00";-0,9;-1,4;97;135;4,3;179;9,7;0;1015;911,8;0
11190;"Eisenstadt";184;"06-12-2023";"03:00";-0,5;-1;97;198;2,5;197;3,6;1;1015,2;992,4;0
11204;"Lienz";659;"06-12-2023";"03:00";-1,7;-3,3;90;;;;;0;1015,3;934,2;0
11240;"Graz/Flughafen";340;"06-12-2023";"03:00";-1;-1,3;98;0;1,8;;3,6;0,9;1015,5;970,5;0
11244;"Bad Gleichenberg";280;"06-12-2023";"03:00";-0,6;-1,1;96;0;0;250;2,9;0,7;1015;981,3;0
11265;"Villacher Alpe";2140;"06-12-2023";"03:00";-5,8;-6,7;94;41;25,2;47;29,5;0;;774,2;0
11331;"Klagenfurt/Flughafen";447;"06-12-2023";"03:00";-1,4;-2,3;95;308;1,1;273;4;0;1015,6;959,9;0
11343;"Sonnblick";3105;"06-12-2023";"03:00";-12,1;-14,1;87;315;10,1;332;18,4;;;684,5;0
11389;"St. Pölten";270;"06-12-2023";"03:00";-1,2;-2;95;350;3,2;286;6,8;0;1015,4;981,8;0
11010;"Linz/Hörsching";298;"06-12-2023";"04:00";-3,6;-3,8;99;300;5,4;;9,4;0;1015,8;976,5;0
11012;"Kremsmünster";383;"06-12-2023";"04:00";-2,2;-2,8;96;218;1,4;124;7,9;0;1015,5;967,1;0
11022;"Retz";320;"06-12-2023";"04:00";-2;-2,8;95;53;5;67;10,1;0,4;1015,8;975,9;0
11035;"Wien/Hohe Warte";203;"06-12-2023";"04:00";-0,6;-1,3;96;83;2,5;71;6,1;0,5;1015,2;989,2;0
11036;"Wien/Schwechat";183;"06-12-2023";"04:00";-1,1;-1,9;95;80;3,6;;5,4;0,9;1015,6;992,6;0
11101;"Bregenz";424;"06-12-2023";"04:00";2,1;1,5;96;83;4;91;13;0,2;1015,1;961,9;0
11121;"Innsbruck";579;"06-12-2023";"04:00";-0,1;-0,3;100;124;0,4;314;5,8;0;1015,9;944,8;0
11126;"Patscherkofel";2247;"06-12-2023";"04:00";-7,6;-9;91;330;23,8;328;29,9;0;;765,6;0
11130;"Kufstein";495;"06-12-2023";"04:00";0,4;-0,1;97;270;4,7;273;14;0;1015,4;955,4;0
11150;"Salzburg";430;"06-12-2023";"04:00";1,6;0,3;91;150;13;;18,4;0;1014,2;960;0
11155;"Feuerkogel";1618;"06-12-2023";"04:00";-3,6;-5,4;88;295;16,2;308;46,1;0;;829,2;0
11157;"Aigen im Ennstal";640;"06-12-2023";"04:00";-3;-3,7;96;200;3,2;228;4,7;0;1016,8;937,1;0
11171;"Mariazell";866;"06-12-2023";"04:00";-1,1;-1,5;97;141;6,5;142;7,9;0;1014,7;911,5;0
11190;"Eisenstadt";184;"06-12-2023";"04:00";-0,5;-1,1;97;;2,2;182;4;0,7;1015;992,2;0
11204;"Lienz";659;"06-12-2023";"04:00";-1,9;-3,3;91;;;;;0;1015,2;934;0
11240;"Graz/Flughafen";340;"06-12-2023";"04:00";-0,9;-1,3;97;0;1,8;;7,6;0,5;1015,3;970,4;0
11244;"Bad Gleichenberg";280;"06-12-2023";"04:00";-0,5;-1;97;249;1,1;184;3,2;0,9;1014,8;981,1;0
11265;"Villacher Alpe";2140;"06-12-2023";"04:00";-5,9;-6,8;94;39;28,1;47;32,8;0;;774;0
11331;"Klagenfurt/Flughafen";447;"06-12-2023";"04:00";-1,5;-2,1;97;128;2,9;134;4;0;1015,4;959,7;0
11343;"Sonnblick";3105;"06-12-2023";"04:00";-12,3;-14,6;86;343;7,9;339;20,9;;;684,4;0
11389;"St. Pölten";270;"06-12-2023";"04:00";-1,2;-1,9;95;354;4;282;7,6;0;1015,1;981,5;0
11010;"Linz/Hörsching";298;"06-12-2023";"05:00";-3,3;-3,5;99;270;5,4;;11,2;0;1015,4;976,2;0
11012;"Kremsmünster";383;"06-12-2023";"05:00";-2,2;-2,8;96;221;2,9;249;12,6;0;1015,1;966,7;0
11022;"Retz";320;"06-12-2023";"05:00";-1,9;-2,8;95;25;3,6;67;10,1;0,6;1015,9;976;0
11035;"Wien/Hohe Warte";203;"06-12-2023";"05:00";-0,5;-1,2;96;62;1,1;50;5;1,1;1015,3;989,3;0
11036;"Wien/Schwechat";183;"06-12-2023";"05:00";-1,1;-1,8;95;0;1,8;;5,4;0,8;1015,7;992,7;0
11101;"Bregenz";424;"06-12-2023";"05:00";2,1;1,6;98;109;4,7;93;11,9;0,8;1015,2;962;0
11121;"Innsbruck";579;"06-12-2023";"05:00";0;-0,2;100;185;0,7;171;4,7;0;1015,8;944,8;0
11126;"Patscherkofel";2247;"06-12-2023";"05:00";-7,7;-8,8;93;337;22,3;330;29,5;0;;765,7;0
11130;"Kufstein";495;"06-12-2023";"05:00";0,5;0;97;221;1,8;232;6,8;0;1015,4;955,4;0
11150;"Salzburg";430;"06-12-2023";"05:00";1,8;0;88;150;14,8;;20,5;0;1014,2;960;0
11155;"Feuerkogel";1618;"06-12-2023";"05:00";-3,7;-5;91;309;17,3;308;45,4;0;;829,1;0
11157;"Aigen im Ennstal";640;"06-12-2023";"05:00";-2,7;-3,2;97;221;1,8;314;4,7;0;1016,6;937;0
11171;"Mariazell";866;"06-12-2023";"05:00";-0,9;-1,4;97;141;5,4;132;9,7;0,1;1014,8;911,6;0
11190;"Eisenstadt";184;"06-12-2023";"05:00";-0,5;-1;97;203;1,4;208;2,9;0,6;1015,1;992,3;0
11204;"Lienz";659;"06-12-2023";"05:00";-2,2;-3,4;92;;;;;0;1015,2;934;0
11240;"Graz/Flughafen";340;"06-12-2023";"05:00";-0,9;-1,3;97;0;1,8;;5,4;0,6;1015,1;970,2;0
11244;"Bad Gleichenberg";280;"06-12-2023";"05:00";-0,5;-0,9;96;306;0,7;356;4;0,7;1014,9;981,2;0
11265;"Villacher Alpe";2140;"06-12-2023";"05:00";-5,9;-6,9;94;41;26,3;41;31,3;0;;774;0
11331;"Klagenfurt/Flughafen";447;"06-12-2023";"05:00";-1,5;-2,2;97;65;1,4;147;5,4;0;1015,4;959,7;0
11343;"Sonnblick";3105;"06-12-2023";"05:00";-12,9;-15,1;86;7;18;2;29,2;;;684,4;0
11389;"St. Pölten";270;"06-12-2023";"05:00";-1,2;-1,9;96;325;2,5;345;7,9;0;1015,4;981,8;0
11010;"Linz/Hörsching";298;"06-12-2023";"06:00";-2,8;-3,1;98;270;5,4;;9,4;0;1015,6;976,4;0
11012;"Kremsmünster";383;"06-12-2023";"06:00";-2,1;-2,8;95;275;1,4;115;9;0;1015,3;966,9;0
11022;"Retz";320;"06-12-2023";"06:00";-1,9;-2,7;95;52;7,2;67;11,2;0,7;1015,8;975,9;0
11035;"Wien/Hohe Warte";203;"06-12-2023";"06:00";-0,5;-1,1;96;70;1,8;90;4,3;1;1015,3;989,3;0
11036;"Wien/Schwechat";183;"06-12-2023";"06:00";-1,2;-1,9;95;0;1,8;;3,6;0,9;1015,7;992,7;0
11101;"Bregenz";424;"06-12-2023";"06:00";1,9;1,6;99;81;6,5;89;12,2;0,4;1015,7;962,4;0
11121;"Innsbruck";579;"06-12-2023";"06:00";0;-0,2;100;229;4,7;130;6,1;0;1016,2;945,1;0
11126;"Patscherkofel";2247;"06-12-2023";"06:00";-7,6;-8,8;92;341;20,9;333;27,4;0;;765,8;0
11130;"Kufstein";495;"06-12-2023";"06:00";0,6;0,1;96;275;4,7;273;14;0;1015,4;955,4;0
11150;"Salzburg";430;"06-12-2023";"06:00";1,8;0;88;150;9,4;;20,5;0;1014,2;960;0
11155;"Feuerkogel";1618;"06-12-2023";"06:00";-3,8;-4,8;93;302;20,2;304;50,4;0;;829;0
11157;"Aigen im Ennstal";640;"06-12-2023";"06:00";-3;-3,7;96;10;2,2;43;5,4;0;1016,6;936,9;0
11171;"Mariazell";866;"06-12-2023";"06:00";-1,2;-1,7;97;133;6,1;140;9,4;0;1015,1;911,8;0
11190;"Eisenstadt";184;"06-12-2023";"06:00";-0,7;-1,1;98;47;2,5;56;4,7;0,9;1015,1;992,3;0
11204;"Lienz";659;"06-12-2023";"06:00";-2,2;-3,2;93;;;;;0;1015,5;934,2;0
11240;"Graz/Flughafen";340;"06-12-2023";"06:00";-1,1;-1,5;97;260;3,6;;7,6;0,3;1015,3;970,3;0
11244;"Bad Gleichenberg";280;"06-12-2023";"06:00";-0,5;-0,9;96;341;0,4;157;4;0,4;1015,1;981,4;0
11265;"Villacher Alpe";2140;"06-12-2023";"06:00";-6,2;-7,2;93;29;21,2;36;25,9;0;;774,3;0
11331;"Klagenfurt/Flughafen";447;"06-12-2023";"06:00";-1,3;-2;96;304;1,4;298;4;0;1015,6;959,9;0
11343;"Sonnblick";3105;"06-12-2023";"06:00";-13,5;-15,9;84;349;28,4;357;43,9;;;684,3;0
11389;"St. Pölten";270;"06-12-2023";"06:00";-1,3;-2;96;301;3,6;293;8,6;0,1;1015,4;981,8;0
11010;"Linz/Hörsching";298;"06-12-2023";"07:00";-2,4;-2,6;99;0;1,8;;9,4;0,1;1015,6;976,5;0
11012;"Kremsmünster";383;"06-12-2023";"07:00";-2;-2,8;95;205;5,4;288;12,6;0;1015,4;967;0
11022;"Retz";320;"06-12-2023";"07:00";-2;-2,7;95;47;5;63;12,2;0,7;1015,8;975,9;0
11035;"Wien/Hohe Warte";203;"06-12-2023";"07:00";-0,5;-1,2;96;73;4;87;6,5;1;1015,3;989,3;0
11036;"Wien/Schwechat";183;"06-12-2023";"07:00";-1,2;-1,9;95;50;3,6;;3,6;0,7;1015,8;992,8;0
11101;"Bregenz";424;"06-12-2023";"07:00";2,3;1,8;97;113;9,4;106;16,2;0,8;1015,7;962,5;0
11121;"Innsbruck";579;"06-12-2023";"07:00";0,3;0,2;100;294;3,2;273;7,2;0;1016,1;945,1;0
11126;"Patscherkofel";2247;"06-12-2023";"07:00";-7,6;-8,7;94;331;22,7;328;29,2;0;;765,8;0
11130;"Kufstein";495;"06-12-2023";"07:00";0,6;0;96;267;5;269;16,2;0;1015,5;955,5;0
11150;"Salzburg";430;"06-12-2023";"07:00";1,8;0,2;89;0;1,8;;14,8;0;1014,7;960,5;0
11155;"Feuerkogel";1618;"06-12-2023";"07:00";-3,8;-4,4;96;290;15,8;310;45,4;0;;829,2;0
11157;"Aigen im Ennstal";640;"06-12-2023";"07:00";-2,7;-3,3;96;93;3,2;107;5,8;0;1016,7;937,1;0
11171;"Mariazell";866;"06-12-2023";"07:00";-1,3;-1,8;97;137;6,8;143;9;0,1;1014,9;911,6;0
11190;"Eisenstadt";184;"06-12-2023";"07:00";-0,7;-1,1;98;74;1,8;75;4,7;0,8;1015,2;992,4;0
11204;"Lienz";659;"06-12-2023";"07:00";-2,9;-3,8;94;;;;;0;1015,8;934,3;0
11240;"Graz/Flughafen";340;"06-12-2023";"07:00";-0,9;-1,5;96;0;1,8;;7,6;0;1015,1;970,2;0
11244;"Bad Gleichenberg";280;"06-12-2023";"07:00";-0,4;-0,8;97;178;0,7;354;3,2;0,4;1015;981,3;0
11265;"Villacher Alpe";2140;"06-12-2023";"07:00";-6,6;-7,8;92;15;21,6;24;25,6;0;;774,4;0
11331;"Klagenfurt/Flughafen";447;"06-12-2023";"07:00";-1,3;-2;96;358;0,4;128;4,3;0;1015,8;960,1;0
11343;"Sonnblick";3105;"06-12-2023";"07:00";-12,8;-15;86;26;10,1;37;34,9;;;684,4;0
11389;"St. Pölten";270;"06-12-2023";"07:00";-1,2;-2;95;304;2,9;277;7,9;0;1015,2;981,6;0
11010;"Linz/Hörsching";298;"06-12-2023";"08:00";-2;-2,2;99;0;1,8;;3,6;0;1016,1;977;0
11012;"Kremsmünster";383;"06-12-2023";"08:00";-1,8;-2,6;95;106;0,7;226;10,8;0;1015,9;967,5;0
11022;"Retz";320;"06-12-2023";"08:00";-1,9;-2,7;95;40;2,9;63;9,7;0,1;1016,1;976,2;0
11035;"Wien/Hohe Warte";203;"06-12-2023";"08:00";-0,4;-1,1;96;48;2,5;86;6,5;0,9;1015,5;989,5;0
11036;"Wien/Schwechat";183;"06-12-2023";"08:00";-1,2;-1,9;95;70;3,6;;7,6;0,8;1015,9;992,9;0
11101;"Bregenz";424;"06-12-2023";"08:00";2,8;1,5;92;123;10,1;127;16,2;0,1;1016,1;963;0
11121;"Innsbruck";579;"06-12-2023";"08:00";0,4;0,3;100;141;3,6;306;6,5;0;1016,4;945,4;0
11126;"Patscherkofel";2247;"06-12-2023";"08:00";-7,6;-8,5;94;330;27;325;33,5;0;;766,2;0
11130;"Kufstein";495;"06-12-2023";"08:00";0,6;0,1;97;270;7,9;273;17,3;0;1015,9;955,9;0
11150;"Salzburg";430;"06-12-2023";"08:00";1;0,4;96;180;3,6;;9,4;0,1;1015,4;961;0
11155;"Feuerkogel";1618;"06-12-2023";"08:00";-3,9;-4,3;97;310;13,3;294;33,8;0;;829,6;0
11157;"Aigen im Ennstal";640;"06-12-2023";"08:00";-2,7;-3,4;96;187;3,2;179;5,8;0;1016,7;937,1;0
11171;"Mariazell";866;"06-12-2023";"08:00";-1,6;-2;98;139;8,6;139;11,2;0;1015,4;911,9;0
11190;"Eisenstadt";184;"06-12-2023";"08:00";-0,5;-1;97;138;1,1;59;5;1,1;1015,4;992,6;0
11204;"Lienz";659;"06-12-2023";"08:00";-3,9;-4,4;98;;;;;0;1016,5;934,7;0
11240;"Graz/Flughafen";340;"06-12-2023";"08:00";-0,9;-1,5;96;220;3,6;;7,6;0;1015,5;970,6;0
11244;"Bad Gleichenberg";280;"06-12-2023";"08:00";-0,4;-0,7;97;169;0,7;140;3,2;0,5;1015,3;981,6;0
11265;"Villacher Alpe";2140;"06-12-2023";"08:00";-6,8;-8,1;91;16;23,4;22;32,4;0;;774,5;0
11331;"Klagenfurt/Flughafen";447;"06-12-2023";"08:00";-1,4;-2,1;97;327;1,4;353;4;0;1015,9;960,2;0
11343;"Sonnblick";3105;"06-12-2023";"08:00";-12,9;-15;87;29;15,1;17;41;;;684,4;0
11389;"St. Pölten";270;"06-12-2023";"08:00";-1,2;-1,9;96;320;3,2;311;8,3;0;1015,6;982;0
11010;"Linz/Hörsching";298;"06-12-2023";"09:00";-1,6;-1,7;99;40;5,4;;7,6;0,1;1016,1;977,1;0
11012;"Kremsmünster";383;"06-12-2023";"09:00";-1,1;-2,1;94;228;15,8;226;19,8;0;1015,7;967,5;0
11022;"Retz";320;"06-12-2023";"09:00";-1,5;-2,4;95;56;4,7;63;10,1;0;1016,1;976,2;0
11035;"Wien/Hohe Warte";203;"06-12-2023";"09:00";-0,2;-0,8;96;128;2,2;160;7,6;0,5;1015,5;989,5;0
11036;"Wien/Schwechat";183;"06-12-2023";"09:00";-1;-1,8;95;90;5,4;;7,6;0,6;1015,9;992,9;0
11101;"Bregenz";424;"06-12-2023";"09:00";3,1;1,3;88;122;11,2;112;21,6;0,3;1016,5;963,4;0
11121;"Innsbruck";579;"06-12-2023";"09:00";0,6;0,4;99;199;2,9;230;5,4;0;1016,7;945,8;0
11126;"Patscherkofel";2247;"06-12-2023";"09:00";-7,4;-8,4;94;333;25,9;327;33,5;0;;766,4;0
11130;"Kufstein";495;"06-12-2023";"09:00";0,7;0,2;97;267;4,3;269;15,5;0,1;1016,3;956,3;0
11150;"Salzburg";430;"06-12-2023";"09:00";1,2;0,7;96;160;5,4;;9,4;0,1;1015,5;961,2;0
11155;"Feuerkogel";1618;"06-12-2023";"09:00";-3,7;-4,7;94;291;19,4;290;41,4;0;;829,6;0
11157;"Aigen im Ennstal";640;"06-12-2023";"09:00";-2,6;-3,4;96;92;1,8;50;4,3;0;1017;937,4;0
11171;"Mariazell";866;"06-12-2023";"09:00";-0,9;-1,5;96;129;6,5;145;10,8;0;1015,2;912;0
11190;"Eisenstadt";184;"06-12-2023";"09:00";-0,2;-0,8;96;247;1,1;281;3,6;0,5;1015,5;992,7;0
11204;"Lienz";659;"06-12-2023";"09:00";-2,6;-3,5;94;;;;;0;1016,6;935,1;63
11240;"Graz/Flughafen";340;"06-12-2023";"09:00";-0,8;-1,4;96;160;3,6;;5,4;0;1015,7;970,8;0
11244;"Bad Gleichenberg";280;"06-12-2023";"09:00";0;-0,5;96;49;0,7;258;2,9;0,1;1015,7;982;0
11265;"Villacher Alpe";2140;"06-12-2023";"09:00";-6,8;-8,1;91;18;23;26;30,2;0;;774,7;0
11331;"Klagenfurt/Flughafen";447;"06-12-2023";"09:00";-0,5;-1,7;94;295;0,4;31;6,1;0;1016;960,5;29
11343;"Sonnblick";3105;"06-12-2023";"09:00";-12,9;-15;87;36;12,6;30;54;;;684,6;0
11389;"St. Pölten";270;"06-12-2023";"09:00";-0,9;-1,7;95;256;4;307;7,9;0;1015,8;982,3;0
11010;"Linz/Hörsching";298;"06-12-2023";"10:00";-1,2;-1,3;99;40;5,4;;7,6;0;1016,3;977,3;0
11012;"Kremsmünster";383;"06-12-2023";"10:00";0;-1;93;227;12,2;226;20,2;0;1015,7;967,7;0
11022;"Retz";320;"06-12-2023";"10:00";-1,3;-2,2;94;55;4,3;66;9,4;0;1016,2;976,4;0
11035;"Wien/Hohe Warte";203;"06-12-2023";"10:00";0,2;-0,6;95;222;4,3;224;9;0,1;1015,6;989,7;0
11036;"Wien/Schwechat";183;"06-12-2023";"10:00";-0,8;-1,5;94;0;1,8;;7,6;0,4;1016,2;993,2;0
11101;"Bregenz";424;"06-12-2023";"10:00";3,4;1,1;86;132;11,5;111;26,6;0,1;1016,8;963,8;0
11121;"Innsbruck";579;"06-12-2023";"10:00";1;0,5;97;335;3,6;225;6,5;0;1017,1;946,2;2
11126;"Patscherkofel";2247;"06-12-2023";"10:00";-7,3;-8,2;95;337;22,7;321;31,3;0;;766,9;0
11130;"Kufstein";495;"06-12-2023";"10:00";1,1;0,4;96;214;1,8;268;17,6;0;1016,6;956,6;0
11150;"Salzburg";430;"06-12-2023";"10:00";1,1;0,8;98;150;5,4;;11,2;0,1;1016,2;961,8;0
11155;"Feuerkogel";1618;"06-12-2023";"10:00";-3,8;-4,4;96;303;17,3;306;48,6;0,1;;829,9;0
11157;"Aigen im Ennstal";640;"06-12-2023";"10:00";-1,7;-2,8;93;212;2,2;222;5;0;1017,2;937,8;0
11171;"Mariazell";866;"06-12-2023";"10:00";-0,3;-1,1;95;73;1,1;125;9;0;1015,3;912,3;0
11190;"Eisenstadt";184;"06-12-2023";"10:00";0;-0,7;96;197;3,2;180;4,7;0,4;1015,7;992,9;0
11204;"Lienz";659;"06-12-2023";"10:00";-0,1;-2,6;85;;;;;0;1016,1;935,4;97
11240;"Graz/Flughafen";340;"06-12-2023";"10:00";-0,1;-1,1;93;150;3,6;;5,4;0;1015,8;971;0
11244;"Bad Gleichenberg";280;"06-12-2023";"10:00";0,4;-0,2;95;169;2,2;173;5,8;0,1;1015,7;982,1;0
11265;"Villacher Alpe";2140;"06-12-2023";"10:00";-6,5;-7,7;90;11;27,4;3;33,1;0,1;;775,2;41
11331;"Klagenfurt/Flughafen";447;"06-12-2023";"10:00";-0,1;-2;89;188;3,6;210;6,5;0;1016,4;960,9;74
11343;"Sonnblick";3105;"06-12-2023";"10:00";-12,8;-14,9;87;34;16,2;39;35,6;;;684,9;0
11389;"St. Pölten";270;"06-12-2023";"10:00";-0,7;-1,8;93;176;6,5;136;10,8;0;1015,9;982,4;0
11010;"Linz/Hörsching";298;"06-12-2023";"11:00";-0,8;-1,3;96;90;5,4;;9,4;0;1016,5;977,6;0
11012;"Kremsmünster";383;"06-12-2023";"11:00";-0,3;-1,2;94;22;1,4;225;13,3;0;1016,2;968,1;0
11022;"Retz";320;"06-12-2023";"11:00";-1;-2;94;95;1,4;74;7,9;0;1016,3;976,5;0
11035;"Wien/Hohe Warte";203;"06-12-2023";"11:00";0,8;-0,6;91;219;4,3;189;7,6;0,1;1015,5;989,6;0
11036;"Wien/Schwechat";183;"06-12-2023";"11:00";-0,4;-1,5;93;0;1,8;;3,6;0,1;1016;993,1;0
11101;"Bregenz";424;"06-12-2023";"11:00";3,9;1,1;83;133;10,8;117;25,2;0;1016,7;963,8;0
11121;"Innsbruck";579;"06-12-2023";"11:00";2;0,5;92;236;2,9;286;7,6;0;1016,9;946,3;8
11126;"Patscherkofel";2247;"06-12-2023";"11:00";-7,1;-8;94;325;22,7;328;34,9;0;;767;0
11130;"Kufstein";495;"06-12-2023";"11:00";1,3;0,4;94;272;4,7;274;13;0;1016,8;956,9;0
11150;"Salzburg";430;"06-12-2023";"11:00";1,7;1;95;0;1,8;;13;0,1;1016,3;962;0
11155;"Feuerkogel";1618;"06-12-2023";"11:00";-3,9;-4,6;96;302;23;307;44,6;0,9;;830,2;0
11157;"Aigen im Ennstal";640;"06-12-2023";"11:00";-0,9;-2,3;91;181;3,2;224;6,5;0;1017;937,8;0
11171;"Mariazell";866;"06-12-2023";"11:00";0,4;-0,7;93;277;2,2;265;6,5;0;1015;912,3;0
11190;"Eisenstadt";184;"06-12-2023";"11:00";0,3;-0,6;94;184;1,4;175;5;0,1;1015,4;992,7;0
11204;"Lienz";659;"06-12-2023";"11:00";1,1;-2,4;77;;;;;0;1015,9;935,5;100
11240;"Graz/Flughafen";340;"06-12-2023";"11:00";0,3;-0,9;92;120;3,6;;3,6;0;1015,8;971;0
11244;"Bad Gleichenberg";280;"06-12-2023";"11:00";0,8;-0,1;93;167;1,1;172;4,7;0;1015,8;982,2;0
11265;"Villacher Alpe";2140;"06-12-2023";"11:00";-6,9;-8,3;90;11;25,9;1;33,8;;;775,3;100
11331;"Klagenfurt/Flughafen";447;"06-12-2023";"11:00";1,6;-1,4;82;294;1,8;195;5,8;0;1015,9;960,8;100
11343;"Sonnblick";3105;"06-12-2023";"11:00";-12,8;-14,9;86;36;20,2;9;52,6;;;685,1;0
11389;"St. Pölten";270;"06-12-2023";"11:00";-0,6;-1,8;92;178;9,7;186;15,8;0;1015,9;982,4;0
11010;"Linz/Hörsching";298;"06-12-2023";"12:00";-0,4;-1;96;0;1,8;;9,4;0;1016,4;977,5;0
11012;"Kremsmünster";383;"06-12-2023";"12:00";0;-0,9;94;29;1,1;36;6,8;0,2;1016,1;968;0
11022;"Retz";320;"06-12-2023";"12:00";-0,8;-1,9;94;99;1,4;105;6,1;0;1015,9;976,2;0
11035;"Wien/Hohe Warte";203;"06-12-2023";"12:00";1,3;-0,8;88;236;1,4;243;12,2;0;1015,1;989,3;0
11036;"Wien/Schwechat";183;"06-12-2023";"12:00";0,3;-1,2;90;0;1,8;;5,4;0;1015,7;992,8;0
11101;"Bregenz";424;"06-12-2023";"12:00";2,8;1,6;92;165;8,3;144;15,5;0;1017;963,8;0
11121;"Innsbruck";579;"06-12-2023";"12:00";2,4;0,5;88;227;2,9;224;7,9;0;1016,7;946,2;0
11126;"Patscherkofel";2247;"06-12-2023";"12:00";-7,3;-8,4;94;333;14,8;318;28,8;0;;767;0
11130;"Kufstein";495;"06-12-2023";"12:00";1,6;0,5;93;268;5,4;275;19,4;0;1016,8;956,9;0
11150;"Salzburg";430;"06-12-2023";"12:00";1,7;1,1;96;150;5,4;;9,4;0,1;1016,2;961,9;0
11155;"Feuerkogel";1618;"06-12-2023";"12:00";-4;-4,8;94;281;21,2;285;51,8;0,9;;830,1;0
11157;"Aigen im Ennstal";640;"06-12-2023";"12:00";-0,3;-2,1;89;108;1,1;161;6,1;0;1016,7;937,7;0
11171;"Mariazell";866;"06-12-2023";"12:00";1;-0,5;91;11;1,1;265;6,1;0,1;1014,6;912,1;0
11190;"Eisenstadt";184;"06-12-2023";"12:00";0,5;-0,6;94;190;1,4;199;4,7;0,1;1015,1;992,4;0
11204;"Lienz";659;"06-12-2023";"12:00";1,8;-2,1;76;;;;;0;1015;934,9;92
11240;"Graz/Flughafen";340;"06-12-2023";"12:00";0,6;-0,8;91;120;3,6;;5,4;0;1015,4;970,7;0
11244;"Bad Gleichenberg";280;"06-12-2023";"12:00";1,2;0,1;92;184;1,4;172;3,2;0,1;1015,4;981,9;0
11265;"Villacher Alpe";2140;"06-12-2023";"12:00";-6,8;-8,2;90;355;24,1;356;35,3;0;;775,1;93
11331;"Klagenfurt/Flughafen";447;"06-12-2023";"12:00";1,6;-1;84;154;5;157;9;0;1015,5;960,4;100
11343;"Sonnblick";3105;"06-12-2023";"12:00";-12,8;-14,9;86;15;19,8;20;42,8;;;684,9;0
11389;"St. Pölten";270;"06-12-2023";"12:00";0;-1,5;90;153;10,4;147;18,7;0;1015,5;982,1;0
11010;"Linz/Hörsching";298;"06-12-2023";"13:00";-0,3;-0,9;95;0;1,8;;5,4;0,1;1016,2;977,4;0
11012;"Kremsmünster";383;"06-12-2023";"13:00";0,5;-0,3;95;243;4;225;8,3;0,4;1015,9;967,9;0
11022;"Retz";320;"06-12-2023";"13:00";-1;-2;94;250;3,6;228;11,2;0;1015,7;975,9;0
11035;"Wien/Hohe Warte";203;"06-12-2023";"13:00";1,3;-0,4;89;36;3,6;15;6,8;0;1014,9;989,1;0
11036;"Wien/Schwechat";183;"06-12-2023";"13:00";0,3;-1,5;88;0;1,8;;3,6;0;1015,4;992,5;0
11101;"Bregenz";424;"06-12-2023";"13:00";3,1;2,2;94;115;2,5;143;17,3;0;1016,9;963,8;0
11121;"Innsbruck";579;"06-12-2023";"13:00";1,9;0,1;89;;4;286;7,6;0;1016,6;946;0
11126;"Patscherkofel";2247;"06-12-2023";"13:00";-7,6;-8,8;92;329;14;323;21,6;0;;767;0
11130;"Kufstein";495;"06-12-2023";"13:00";2;0,7;92;226;1,8;304;8,3;0;1016,7;956,9;0
11150;"Salzburg";430;"06-12-2023";"13:00";1,7;1;95;150;5,4;;13;0,1;1016,3;962;0
11155;"Feuerkogel";1618;"06-12-2023";"13:00";-4;-4,8;95;291;22,7;264;53,6;1,1;;830,1;0
11157;"Aigen im Ennstal";640;"06-12-2023";"13:00";-0,5;-2,2;89;49;1,8;68;4,3;0;1016,5;937,5;0
11171;"Mariazell";866;"06-12-2023";"13:00";1,3;-0,4;88;31;3,2;328;10,4;0;1014,4;912,1;0
11190;"Eisenstadt";184;"06-12-2023";"13:00";0,5;-0,5;94;94;2,5;170;5;0;1014,9;992,2;0
11204;"Lienz";659;"06-12-2023";"13:00";1,5;-2;77;;;;;0;1014,5;934,4;21
11240;"Graz/Flughafen";340;"06-12-2023";"13:00";0,9;-0,7;89;0;0;;3,6;0;1014,9;970,3;0
11244;"Bad Gleichenberg";280;"06-12-2023";"13:00";2,2;0,8;89;231;1,1;287;3,6;0,1;1014,8;981,4;0
11265;"Villacher Alpe";2140;"06-12-2023";"13:00";-6,8;-8,1;91;357;24,1;357;37,4;0;;774,8;20
11331;"Klagenfurt/Flughafen";447;"06-12-2023";"13:00";2,8;-0,9;79;172;3,2;171;10,8;0;1014,7;959,9;87
11343;"Sonnblick";3105;"06-12-2023";"13:00";-12,9;-14,9;87;30;20,5;16;46,8;;;684,8;0
11389;"St. Pölten";270;"06-12-2023";"13:00";0,5;-1,2;89;161;11,9;125;19,1;0;1015,4;982;0
11010;"Linz/Hörsching";298;"06-12-2023";"14:00";-0,2;-0,8;96;310;3,6;;3,6;0,1;1016;977,2;0
11012;"Kremsmünster";383;"06-12-2023";"14:00";2,3;1,2;93;247;17,3;253;33,5;0,2;1015,4;967,8;0
11022;"Retz";320;"06-12-2023";"14:00";-1,1;-1,9;95;232;4,3;237;10,1;0;1015,5;975,7;0
11035;"Wien/Hohe Warte";203;"06-12-2023";"14:00";1,2;-0,3;91;32;6,5;29;9,7;0;1014,6;988,8;0
11036;"Wien/Schwechat";183;"06-12-2023";"14:00";0,3;-1;91;70;3,6;;5,4;0;1015;992,2;0
11101;"Bregenz";424;"06-12-2023";"14:00";3,1;2,5;97;68;4;68;7,6;0,2;1017,3;964,2;0
11121;"Innsbruck";579;"06-12-2023";"14:00";2,7;0,7;88;0;0;299;8,3;0;1016,2;945,8;0
11126;"Patscherkofel";2247;"06-12-2023";"14:00";-7,7;-9;92;325;19,1;315;28,8;0;;767;0
11130;"Kufstein";495;"06-12-2023";"14:00";2,2;0,8;91;118;2,2;128;4,7;0;1016,4;956,7;0
11150;"Salzburg";430;"06-12-2023";"14:00";1,5;1;96;140;7,6;;14,8;0,2;1016,1;961,8;0
11155;"Feuerkogel";1618;"06-12-2023";"14:00";-4,1;-4,7;96;291;24,5;307;54;0,3;;830;0
11157;"Aigen im Ennstal";640;"06-12-2023";"14:00";-0,5;-1,9;91;292;2,2;88;6,1;0;1016,3;937,3;0
11171;"Mariazell";866;"06-12-2023";"14:00";0,9;-1,1;87;312;7,2;299;16,2;0,1;1014,4;911,9;0
11190;"Eisenstadt";184;"06-12-2023";"14:00";1;-0,3;92;266;1,4;86;5,4;0;1014,5;991,8;0
11204;"Lienz";659;"06-12-2023";"14:00";2,2;-2,2;73;;;;;0;1013,7;933,8;0
11240;"Graz/Flughafen";340;"06-12-2023";"14:00";1,3;-0,4;88;0;0;;1,8;0;1014,5;970;0
11244;"Bad Gleichenberg";280;"06-12-2023";"14:00";2,2;0,9;90;164;1,4;181;5,4;0;1014,4;981;0
11265;"Villacher Alpe";2140;"06-12-2023";"14:00";-6,3;-7,5;91;348;30,6;359;38,5;0;;774,7;51
11331;"Klagenfurt/Flughafen";447;"06-12-2023";"14:00";2,6;-0,2;83;303;2,5;165;7,2;0;1014,5;959,7;0
11343;"Sonnblick";3105;"06-12-2023";"14:00";-12,9;-14,9;87;26;13;88;42,8;;;684,8;0
11389;"St. Pölten";270;"06-12-2023";"14:00";0,8;-0,4;92;175;9,7;154;18,7;0;1014,9;981,6;0
11010;"Linz/Hörsching";298;"06-12-2023";"15:00";-0,1;-0,5;97;270;3,6;;5,4;0;1016,3;977,5;0
11012;"Kremsmünster";383;"06-12-2023";"15:00";2,4;1,1;92;247;21,2;253;32,4;0;1015,7;968,1;0
11022;"Retz";320;"06-12-2023";"15:00";-0,9;-1,8;95;232;3,2;321;11,5;0;1015,5;975,8;0
11035;"Wien/Hohe Warte";203;"06-12-2023";"15:00";0,7;-0,5;92;34;5;37;11,9;0;1014,7;988,8;0
11036;"Wien/Schwechat";183;"06-12-2023";"15:00";0,1;-1,2;91;50;5,4;;7,6;0;1015;992,1;0
11101;"Bregenz";424;"06-12-2023";"15:00";2,9;2,2;96;39;1,8;58;7,6;0,4;1017,8;964,6;0
11121;"Innsbruck";579;"06-12-2023";"15:00";2,3;0,5;89;229;1,4;225;6,1;0;1016,8;946,3;0
11126;"Patscherkofel";2247;"06-12-2023";"15:00";-7,9;-9,1;92;328;30,2;330;37,1;0;;767,4;0
11130;"Kufstein";495;"06-12-2023";"15:00";1,8;0,9;94;121;1,4;89;6,1;0;1016,9;957,1;0
11150;"Salzburg";430;"06-12-2023";"15:00";1,8;1;95;150;9,4;;14,8;0;1016,3;962;0
11155;"Feuerkogel";1618;"06-12-2023";"15:00";-4,2;-4,8;96;313;25,2;301;55,4;0,7;;830,2;0
11157;"Aigen im Ennstal";640;"06-12-2023";"15:00";-0,4;-1,6;93;57;2,5;80;6,5;0;1016,4;937,4;0
11171;"Mariazell";866;"06-12-2023";"15:00";0,8;-1,1;88;321;7,2;308;19,1;0;1014,8;912,2;0
11190;"Eisenstadt";184;"06-12-2023";"15:00";0,7;-0,6;92;214;1,8;83;9,4;0;1014,5;991,8;0
11204;"Lienz";659;"06-12-2023";"15:00";1,7;-1,9;78;;;;;0;1014,3;934,2;0
11240;"Graz/Flughafen";340;"06-12-2023";"15:00";1,4;0,2;92;0;1,8;;3,6;0;1014,4;969,9;0
11244;"Bad Gleichenberg";280;"06-12-2023";"15:00";2,4;1;90;73;1,1;240;4,3;0;1014,4;981,1;0
11265;"Villacher Alpe";2140;"06-12-2023";"15:00";-6,8;-8,1;91;347;30,2;345;40;0;;774,9;94
11331;"Klagenfurt/Flughafen";447;"06-12-2023";"15:00";2,5;0;85;311;3,6;347;6,8;0;1014,7;959,8;0
11343;"Sonnblick";3105;"06-12-2023";"15:00";-13,1;-15,1;87;28;18,7;12;40,7;;;684,7;0
11389;"St. Pölten";270;"06-12-2023";"15:00";1,2;0,2;93;174;16,6;166;32,4;0;1015,1;981,8;0
11010;"Linz/Hörsching";298;"06-12-2023";"16:00";0;-0,2;98;270;3,6;;9,4;0;1016,6;977,8;0
11012;"Kremsmünster";383;"06-12-2023";"16:00";2,3;1,1;92;235;17,6;240;32,8;0,1;1016,2;968,5;0
11022;"Retz";320;"06-12-2023";"16:00";-0,8;-1,7;95;67;1,4;317;9,7;0;1015,9;976,2;0
11035;"Wien/Hohe Warte";203;"06-12-2023";"16:00";0,4;-0,5;94;20;6,1;42;12,2;0;1014,9;989;0
11036;"Wien/Schwechat";183;"06-12-2023";"16:00";-0,4;-1,5;93;50;9,4;;13;0;1015,1;992,2;0
11101;"Bregenz";424;"06-12-2023";"16:00";2,2;1,6;97;57;5,8;315;13,7;1,3;1018,5;965,1;0
11121;"Innsbruck";579;"06-12-2023";"16:00";1,7;0,7;94;249;3,6;198;7,9;0;1017,3;946,6;0
11126;"Patscherkofel";2247;"06-12-2023";"16:00";-8,3;-9,7;92;329;22,7;330;33,8;0;;767,6;0
11130;"Kufstein";495;"06-12-2023";"16:00";1,6;0,9;95;64;2,9;34;11,9;0;1017,4;957,5;0
11150;"Salzburg";430;"06-12-2023";"16:00";1,6;1;96;140;3,6;;13;0;1017;962,7;0
11155;"Feuerkogel";1618;"06-12-2023";"16:00";-4,3;-4,9;96;292;29,2;291;70,6;0,9;;830,4;0
11157;"Aigen im Ennstal";640;"06-12-2023";"16:00";-0,4;-1,4;94;20;4;14;7,2;0;1016,8;937,8;0
11171;"Mariazell";866;"06-12-2023";"16:00";0,3;-0,8;93;317;5,8;327;14,4;0;1015,2;912,4;0
11190;"Eisenstadt";184;"06-12-2023";"16:00";-0,1;-0,9;95;107;1,4;93;4,3;0;1014,8;992;0
11204;"Lienz";659;"06-12-2023";"16:00";1,2;-2,1;79;;;;;0;1015,1;934,8;0
11240;"Graz/Flughafen";340;"06-12-2023";"16:00";0,7;0;95;160;5,4;;5,4;0;1015;970,3;0
11244;"Bad Gleichenberg";280;"06-12-2023";"16:00";1,6;0,8;94;141;2,5;173;6,1;0;1014,9;981,5;0
11265;"Villacher Alpe";2140;"06-12-2023";"16:00";-6,9;-8,2;91;345;30,2;340;40;0;;775,5;22
11331;"Klagenfurt/Flughafen";447;"06-12-2023";"16:00";1,5;-0,1;90;195;1,4;308;6,8;0;1015,4;960,3;1
11343;"Sonnblick";3105;"06-12-2023";"16:00";-13,4;-15,4;87;10;14,8;10;39,6;;;685,4;0
11389;"St. Pölten";270;"06-12-2023";"16:00";1,6;0,4;93;176;17,6;157;29,5;0;1015,3;982,1;0
11010;"Linz/Hörsching";298;"06-12-2023";"17:00";-0,1;-0,2;99;0;1,8;;5,4;0;1017,1;978,3;0
11012;"Kremsmünster";383;"06-12-2023";"17:00";2,6;1,1;90;237;16,9;228;25,9;0;1016,6;969;0
11022;"Retz";320;"06-12-2023";"17:00";-1;-1,7;96;298;2,9;287;7,6;0;1016,2;976,4;0
11035;"Wien/Hohe Warte";203;"06-12-2023";"17:00";0,3;-0,6;94;39;10,4;27;16,2;0;1015,4;989,5;0
11036;"Wien/Schwechat";183;"06-12-2023";"17:00";-0,9;-1,7;94;40;5,4;;13;0;1015,7;992,7;0
11101;"Bregenz";424;"06-12-2023";"17:00";2,4;1,8;97;59;6,1;248;14;1,3;1018,9;965,6;0
11121;"Innsbruck";579;"06-12-2023";"17:00";1;0,5;97;340;2,9;192;7,6;0;1017,9;947;0
11126;"Patscherkofel";2247;"06-12-2023";"17:00";-8,6;-10;91;319;23,8;314;33,8;0;;767,8;0
11130;"Kufstein";495;"06-12-2023";"17:00";1,4;0,8;97;253;0,7;145;6,5;0,5;1018,1;958,1;0
11150;"Salzburg";430;"06-12-2023";"17:00";1,3;0,8;96;140;3,6;;9,4;0;1017,6;963,2;0
11155;"Feuerkogel";1618;"06-12-2023";"17:00";-4,5;-5,2;96;289;24,5;233;52,9;0;;831,1;0
11157;"Aigen im Ennstal";640;"06-12-2023";"17:00";-0,4;-1,1;95;71;6,5;63;11,2;0;1017,1;938,1;0
11171;"Mariazell";866;"06-12-2023";"17:00";0,6;-1,5;87;325;11,9;296;24,5;0;1015,6;912,9;0
11190;"Eisenstadt";184;"06-12-2023";"17:00";-0,4;-0,9;97;266;2,5;360;5,4;0;1015,2;992,4;0
11204;"Lienz";659;"06-12-2023";"17:00";-0,1;-2;88;;;;;0;1016,2;935,5;0
11240;"Graz/Flughafen";340;"06-12-2023";"17:00";0,3;0;98;180;3,6;;7,6;0;1015,4;970,7;0
11244;"Bad Gleichenberg";280;"06-12-2023";"17:00";1,1;0,6;96;360;0,7;174;5,4;0;1015,4;981,9;0
11265;"Villacher Alpe";2140;"06-12-2023";"17:00";-7;-8,3;91;351;25,9;347;42,8;0;;775,8;0
11331;"Klagenfurt/Flughafen";447;"06-12-2023";"17:00";1,1;0,1;94;2;2,5;20;4,7;0;1016,1;960,9;0
11343;"Sonnblick";3105;"06-12-2023";"17:00";-13,4;-15,4;87;28;8,6;356;33,1;;;685,6;0
11389;"St. Pölten";270;"06-12-2023";"17:00";1,6;0,6;93;175;18;175;31,7;0;1015,7;982,5;0
11010;"Linz/Hörsching";298;"06-12-2023";"18:00";0,1;-0,1;99;0;1,8;;5,4;0;1017,8;979;0
11012;"Kremsmünster";383;"06-12-2023";"18:00";2,7;1,1;90;233;14,4;242;25,6;0;1017,3;969,7;0
11022;"Retz";320;"06-12-2023";"18:00";-1,1;-2;94;280;4,7;293;8,3;0;1016,7;976,9;0
11035;"Wien/Hohe Warte";203;"06-12-2023";"18:00";0,4;-0,5;94;60;3,2;21;15,1;0;1015,8;989,9;0
11036;"Wien/Schwechat";183;"06-12-2023";"18:00";-0,3;-1,1;94;30;11,2;;16,6;0;1016,1;993,2;0
11101;"Bregenz";424;"06-12-2023";"18:00";2,3;1,9;98;71;5,4;54;10,8;0,6;1019,8;966,4;0
11121;"Innsbruck";579;"06-12-2023";"18:00";0,9;0,7;99;293;0,7;223;5,4;0;1018,8;947,8;0
11126;"Patscherkofel";2247;"06-12-2023";"18:00";-8,6;-10;91;320;18,7;315;31;0;;768,4;0
11130;"Kufstein";495;"06-12-2023";"18:00";1,1;0,6;97;124;2,2;98;6,1;0,4;1018,9;958,8;0
11150;"Salzburg";430;"06-12-2023";"18:00";1,7;0,8;93;270;9,4;;16,6;0;1018,3;963,9;0
11155;"Feuerkogel";1618;"06-12-2023";"18:00";-4,8;-5,4;96;293;17,3;250;53,6;0;;831,8;0
11157;"Aigen im Ennstal";640;"06-12-2023";"18:00";-0,9;-1,5;96;35;15,8;45;21,2;0;1018;938,8;0
11171;"Mariazell";866;"06-12-2023";"18:00";0,4;-1,2;89;336;10,1;3;25,9;0;1016,5;913,6;0
11190;"Eisenstadt";184;"06-12-2023";"18:00";-0,7;-1,1;98;195;2,9;275;6,8;0;1015,7;992,9;0
11204;"Lienz";659;"06-12-2023";"18:00";-1,4;-2,7;91;;;;;0;1017,4;936,2;0
11240;"Graz/Flughafen";340;"06-12-2023";"18:00";-0,1;-0,3;98;0;1,8;;5,4;0;1016;971,2;0
11244;"Bad Gleichenberg";280;"06-12-2023";"18:00";0,6;0,3;97;353;2,9;351;5,8;0;1016;982,4;0
11265;"Villacher Alpe";2140;"06-12-2023";"18:00";-7,3;-8,9;89;355;32,4;353;41,4;0;;776,2;0
11331;"Klagenfurt/Flughafen";447;"06-12-2023";"18:00";0,8;0,2;97;26;1,1;353;4,3;0;1016,6;961,3;0
11343;"Sonnblick";3105;"06-12-2023";"18:00";-13,4;-15,4;87;346;7,2;293;31,3;;;685,9;0
11389;"St. Pölten";270;"06-12-2023";"18:00";1,7;0,6;93;171;18,7;159;33,5;0;1016,5;983,3;0
11010;"Linz/Hörsching";298;"06-12-2023";"19:00";0;-0,1;99;0;1,8;;5,4;0,1;1018,4;979,5;0
11012;"Kremsmünster";383;"06-12-2023";"19:00";2,8;1,2;89;248;17,6;241;29,2;0,1;1017,8;970,2;0
11022;"Retz";320;"06-12-2023";"19:00";-1,3;-2;96;243;5,4;240;10,1;0;1017,3;977,4;0
11035;"Wien/Hohe Warte";203;"06-12-2023";"19:00";0,6;-0,1;95;261;6,1;281;18,7;0;1016,1;990,2;0
11036;"Wien/Schwechat";183;"06-12-2023";"19:00";-0,2;-1,1;94;10;13;;18,4;0;1016,4;993,5;0
11101;"Bregenz";424;"06-12-2023";"19:00";2,2;1,9;99;90;6,5;124;9,4;0,2;1020,5;967;0
11121;"Innsbruck";579;"06-12-2023";"19:00";1,1;0,7;98;170;2,2;169;4,7;0;1019,6;948,6;0
11126;"Patscherkofel";2247;"06-12-2023";"19:00";-8,5;-9,8;92;325;20,5;332;27,4;0;;768,7;0
11130;"Kufstein";495;"06-12-2023";"19:00";1,3;0,8;97;23;6,5;3;11,5;0,1;1019,6;959,5;0
11150;"Salzburg";430;"06-12-2023";"19:00";3,4;-0,3;77;290;11,2;;22,3;0;1018,7;964,6;0
11155;"Feuerkogel";1618;"06-12-2023";"19:00";-4,9;-5,6;95;287;15,8;291;49,3;0;;832,1;0
11157;"Aigen im Ennstal";640;"06-12-2023";"19:00";-0,6;-1,3;96;55;5,4;30;19,4;0;1018,4;939,2;0
11171;"Mariazell";866;"06-12-2023";"19:00";0,7;-1,6;85;325;14,4;314;30,2;0,1;1016,9;914,1;0
11190;"Eisenstadt";184;"06-12-2023";"19:00";-0,4;-0,9;97;353;4;341;15,5;0;1016;993,2;0
11204;"Lienz";659;"06-12-2023";"19:00";-1,9;-3,1;93;;;;;0;1018,1;936,7;0
11240;"Graz/Flughafen";340;"06-12-2023";"19:00";-0,3;-0,6;98;160;3,6;;7,6;0;1016,4;971,5;0
11244;"Bad Gleichenberg";280;"06-12-2023";"19:00";0,3;0;97;353;2,2;331;4;0;1016,3;982,6;0
11265;"Villacher Alpe";2140;"06-12-2023";"19:00";-7,5;-9,2;88;347;29,5;350;40,3;0;;776,6;0
11331;"Klagenfurt/Flughafen";447;"06-12-2023";"19:00";0,3;0;99;311;3,2;316;5,8;0;1017,3;961,9;0
11343;"Sonnblick";3105;"06-12-2023";"19:00";-13,4;-15,4;86;33;6,5;22;24,1;;;686;0
11389;"St. Pölten";270;"06-12-2023";"19:00";1,7;0,9;94;170;18,7;173;34,9;0;1017;983,7;0
11010;"Linz/Hörsching";298;"06-12-2023";"20:00";0;0;100;0;1,8;;5,4;0;1018,8;979,9;0
11012;"Kremsmünster";383;"06-12-2023";"20:00";2,5;1,1;91;257;13,3;242;32;0,1;1018,6;970,9;0
11022;"Retz";320;"06-12-2023";"20:00";-1,2;-1,9;96;113;0,7;244;9,4;0;1017,5;977,6;0
11035;"Wien/Hohe Warte";203;"06-12-2023";"20:00";1,8;0,6;92;280;11,9;289;26,3;0;1016,2;990,4;0
11036;"Wien/Schwechat";183;"06-12-2023";"20:00";-0,3;-1,2;93;20;13;;16,6;0;1016,8;993,9;0
11101;"Bregenz";424;"06-12-2023";"20:00";2,2;1,9;99;70;6,5;65;9,4;0,1;1021;967,5;0
11121;"Innsbruck";579;"06-12-2023";"20:00";1,3;0,9;98;168;1,1;156;4,7;0;1020,1;949,1;0
11126;"Patscherkofel";2247;"06-12-2023";"20:00";-8,5;-9,7;92;322;15,5;319;28,8;0;;769,1;0
11130;"Kufstein";495;"06-12-2023";"20:00";1,1;0,4;96;92;1,4;70;10,4;0;1020,5;960,3;0
11150;"Salzburg";430;"06-12-2023";"20:00";2,8;-0,2;81;250;13;;22,3;0;1019,5;965,2;0
11155;"Feuerkogel";1618;"06-12-2023";"20:00";-5;-5,7;95;290;23,4;286;51,5;0,4;;832,4;0
11157;"Aigen im Ennstal";640;"06-12-2023";"20:00";0,2;-0,9;94;53;9,4;42;14,8;0;1018,7;939,7;0
11171;"Mariazell";866;"06-12-2023";"20:00";0,1;-0,9;93;347;13;333;36,7;0,2;1017,4;914,3;0
11190;"Eisenstadt";184;"06-12-2023";"20:00";0,4;-0,4;95;349;9,4;357;18;0;1016,1;993,4;0
11204;"Lienz";659;"06-12-2023";"20:00";-3;-3,9;94;;;;;0;1018,9;937,1;0
11240;"Graz/Flughafen";340;"06-12-2023";"20:00";-1;-1,1;99;0;1,8;;5,4;0;1016,8;971,8;0
11244;"Bad Gleichenberg";280;"06-12-2023";"20:00";0;-0,2;98;19;1,4;285;2,9;0;1016,6;982,9;0
11265;"Villacher Alpe";2140;"06-12-2023";"20:00";-7,6;-9,6;86;352;33,8;351;40;0;;776,8;0
11331;"Klagenfurt/Flughafen";447;"06-12-2023";"20:00";-0,2;-0,5;100;340;2,5;360;5,8;0;1017,9;962,3;0
11343;"Sonnblick";3105;"06-12-2023";"20:00";-13,3;-15,3;87;47;9;327;32;;;686,4;0
11389;"St. Pölten";270;"06-12-2023";"20:00";1,9;1;94;172;16,6;179;29,9;0;1017,2;984;0
11010;"Linz/Hörsching";298;"06-12-2023";"21:00";0,9;0,5;97;320;13;;24,1;0;1019,4;980,6;0
11012;"Kremsmünster";383;"06-12-2023";"21:00";2,4;0,3;86;267;15,8;264;30,2;0;1019,2;971,4;0
11022;"Retz";320;"06-12-2023";"21:00";-1,2;-2;95;244;5,8;303;8,3;0;1017,8;977,9;0
11035;"Wien/Hohe Warte";203;"06-12-2023";"21:00";0,6;-0,1;96;275;7,9;280;24,1;0;1016,6;990,7;0
11036;"Wien/Schwechat";183;"06-12-2023";"21:00";-0,3;-1,3;93;360;11,2;;14,8;0;1017;994,1;0
11101;"Bregenz";424;"06-12-2023";"21:00";2,1;1,7;99;79;4,3;98;8,6;0;1021,2;967,7;0
11121;"Innsbruck";579;"06-12-2023";"21:00";1,3;0,8;98;163;4;57;11,9;0,1;1020,7;949,7;0
11126;"Patscherkofel";2247;"06-12-2023";"21:00";-8,4;-9,5;93;324;24,8;320;36,4;0;;769,2;0
11130;"Kufstein";495;"06-12-2023";"21:00";1,9;-0,1;87;34;7,2;74;15,5;0;1020,8;960,8;0
11150;"Salzburg";430;"06-12-2023";"21:00";1,2;0,1;92;300;7,6;;37,1;0,5;1020,9;966,3;0
11155;"Feuerkogel";1618;"06-12-2023";"21:00";-5,4;-6,1;95;316;20,9;312;55,8;0,9;;832,7;0
11157;"Aigen im Ennstal";640;"06-12-2023";"21:00";0,5;-1,4;88;45;3,2;69;17,3;0;1018,8;939,9;0
11171;"Mariazell";866;"06-12-2023";"21:00";0,2;-1,2;91;340;11,2;341;30,2;0;1017,7;914,6;0
11190;"Eisenstadt";184;"06-12-2023";"21:00";0,2;-0,6;95;334;6,1;344;19,1;0;1016,4;993,6;0
11204;"Lienz";659;"06-12-2023";"21:00";-2,9;-3,5;96;;;;;0;1019,3;937,5;0
11240;"Graz/Flughafen";340;"06-12-2023";"21:00";-1,1;-1,2;99;0;1,8;;5,4;0;1017;972;0
11244;"Bad Gleichenberg";280;"06-12-2023";"21:00";-0,3;-0,5;98;324;2,5;317;3,2;0;1016,8;983,1;0
11265;"Villacher Alpe";2140;"06-12-2023";"21:00";-7,8;-10;85;339;31,3;351;38,5;0;;777;0
11331;"Klagenfurt/Flughafen";447;"06-12-2023";"21:00";-0,4;-0,6;100;325;5;323;8,6;0;1018,3;962,7;0
11343;"Sonnblick";3105;"06-12-2023";"21:00";-13,2;-15,3;86;44;7,6;45;33,5;;;686,6;0
11389;"St. Pölten";270;"06-12-2023";"21:00";1,9;1;94;172;14,8;178;28,8;0;1017,3;984,1;0
11010;"Linz/Hörsching";298;"06-12-2023";"22:00";1,8;0,3;90;270;22,3;;29,5;0,1;1019,7;981;0
11012;"Kremsmünster";383;"06-12-2023";"22:00";2,1;-0,2;85;253;19,8;250;30,2;0;1020,1;972,2;0
11022;"Retz";320;"06-12-2023";"22:00";-0,9;-1,9;94;263;7,6;269;8,6;0;1017,9;978,1;0
11035;"Wien/Hohe Warte";203;"06-12-2023";"22:00";2,3;1;91;284;15,8;286;33,5;0;1016,6;990,8;0
11036;"Wien/Schwechat";183;"06-12-2023";"22:00";-0,3;-1,3;93;10;9,4;;16,6;0;1017,1;994,2;0
11101;"Bregenz";424;"06-12-2023";"22:00";2,1;1,7;99;107;5;92;10,1;0;1021,3;967,8;0
11121;"Innsbruck";579;"06-12-2023";"22:00";1;0,7;99;75;2,2;48;6,5;0,4;1021,2;950;0
11126;"Patscherkofel";2247;"06-12-2023";"22:00";-8,5;-9,4;94;324;27,7;326;42,5;0;;769,5;0
11130;"Kufstein";495;"06-12-2023";"22:00";1,6;0,1;90;35;4,7;77;14,4;0;1021,2;961,1;0
11150;"Salzburg";430;"06-12-2023";"22:00";1,2;0,3;94;310;7,6;;11,2;0,2;1021;966,4;0
11155;"Feuerkogel";1618;"06-12-2023";"22:00";-5,9;-6,7;95;304;22;323;51,8;1,1;;833,3;0
11157;"Aigen im Ennstal";640;"06-12-2023";"22:00";3,2;-2,3;68;242;15,5;275;30,2;0;1018,3;940,2;0
11171;"Mariazell";866;"06-12-2023";"22:00";0,2;-2;86;323;20,5;341;36;0,2;1018,3;915,2;0
11190;"Eisenstadt";184;"06-12-2023";"22:00";0;-0,6;96;4;6,5;2;18,4;0;1016,5;993,7;0
11204;"Lienz";659;"06-12-2023";"22:00";-3,3;-4;96;;;;;0;1019,6;937,7;0
11240;"Graz/Flughafen";340;"06-12-2023";"22:00";-1,1;-1,1;100;100;3,6;;5,4;0;1017,5;972,4;0
11244;"Bad Gleichenberg";280;"06-12-2023";"22:00";-0,4;-0,6;99;352;1,4;360;4,3;0;1017,4;983,6;0
11265;"Villacher Alpe";2140;"06-12-2023";"22:00";-7,7;-10,1;83;332;27;329;38,5;0;;777,3;0
11331;"Klagenfurt/Flughafen";447;"06-12-2023";"22:00";0,1;-0,1;100;320;6,1;338;10,1;0;1018,8;963,2;0
11343;"Sonnblick";3105;"06-12-2023";"22:00";-13,9;-16,1;86;37;12,2;24;35,3;;;686,6;0
11389;"St. Pölten";270;"06-12-2023";"22:00";2;1;94;179;20,2;163;34,2;0;1017,7;984,5;0
11010;"Linz/Hörsching";298;"06-12-2023";"23:00";1,9;-0,1;87;250;20,5;;31,3;0;1020,3;981,6;0
11012;"Kremsmünster";383;"06-12-2023";"23:00";1,8;-0,2;87;236;12,6;;27,4;0;1020,6;972,6;0
11022;"Retz";320;"06-12-2023";"23:00";1,8;-0,4;86;288;14;286;23,8;0;1017,6;978,2;0
11035;"Wien/Hohe Warte";203;"06-12-2023";"23:00";2,6;1;89;285;19,1;294;33,8;0;1016,9;991,2;0
11036;"Wien/Schwechat";183;"06-12-2023";"23:00";0;-1;93;10;7,6;;11,2;0;1017,4;994,5;0
11101;"Bregenz";424;"06-12-2023";"23:00";2,1;1,8;99;32;2,5;90;7,6;0;1021,6;968,1;0
11121;"Innsbruck";579;"06-12-2023";"23:00";0,8;0,7;100;302;5,4;303;7,6;0,1;1021,5;950,3;0
11126;"Patscherkofel";2247;"06-12-2023";"23:00";-8,6;-9,9;92;351;13;325;29,5;0;;769,5;0
11130;"Kufstein";495;"06-12-2023";"23:00";1;0,4;96;125;0,7;26;10,1;0;1021,8;961,5;0
11150;"Salzburg";430;"06-12-2023";"23:00";1,1;0,5;96;0;1,8;;9,4;0;1021,4;966,7;0
11155;"Feuerkogel";1618;"06-12-2023";"23:00";-6;-6,8;95;318;25,2;322;60,5;0,6;;833,4;0
11157;"Aigen im Ennstal";640;"06-12-2023";"23:00";3,2;-3,8;60;233;18;215;41,4;0;1019,1;940,9;0
11171;"Mariazell";866;"06-12-2023";"23:00";0,3;-3,1;78;326;24,1;303;52,2;0;1018,8;915,6;0
11190;"Eisenstadt";184;"06-12-2023";"23:00";1,1;-0,1;92;349;14;346;20,2;0;1016,7;994;0
11204;"Lienz";659;"06-12-2023";"23:00";-3,3;-4,1;95;;;;;0;1020,2;938,2;0
11240;"Graz/Flughafen";340;"06-12-2023";"23:00";-0,6;-0,6;100;350;5,4;;7,6;0;1017,6;972,6;0
11244;"Bad Gleichenberg";280;"06-12-2023";"23:00";-0,9;-0,8;100;353;2,9;355;5;0;1017,4;983,6;0
11265;"Villacher Alpe";2140;"06-12-2023";"23:00";-7,5;-10,1;81;328;27;327;35,3;0;;777,5;0
11331;"Klagenfurt/Flughafen";447;"06-12-2023";"23:00";0,1;-0,1;100;286;1,8;309;11,5;0;1019;963,4;0
11343;"Sonnblick";3105;"06-12-2023";"23:00";-14,4;-16,9;84;37;16,2;57;32,8;;;686,8;0
11389;"St. Pölten";270;"06-12-2023";"23:00";1,8;0,7;93;172;24,5;187;39,2;0;1018,1;984,8;0
