"Station";"Name";"Höhe m";"Datum";"Zeit";"T °C";"TP °C";"RF %";"WR °";"WG km/h";"WSR °";"WSG km/h";"N l/m²";"LDred hPa";"LDstat hPa";"SO %"
11010;"Linz/Hörsching";298;"11-01-2025";"00:00";-0,8;-4,4;77;250;13;;20,5;0;1020,3;981,2;0
11012;"Kremsmünster";383;"11-01-2025";"00:00";-0,5;-4,2;76;246;17,3;251;25,2;0;1020,4;972;0
11022;"Retz";320;"11-01-2025";"00:00";-1,2;-5,6;72;250;13,3;245;17,3;0;1018,5;978,6;0
11035;"Wien/Hohe Warte";203;"11-01-2025";"00:00";1,5;-5,3;61;278;23,4;286;40,3;0;1018,3;992,4;0
11036;"Wien/Schwechat";183;"11-01-2025";"00:00";-0,4;-6;66;210;7,6;;16,6;0;1019,1;996,1;0
11101;"Bregenz";424;"11-01-2025";"00:00";-1,5;-3,2;89;122;3,2;85;8,3;0;1021,8;967,5;0
11121;"Innsbruck";579;"11-01-2025";"00:00";-2,4;-6,3;75;24;1,8;198;6,5;0;1022,5;950,3;0
11126;"Patscherkofel";2247;"11-01-2025";"00:00";-11,9;-18,1;60;344;10,8;357;22,3;0;;768,2;0
11130;"Kufstein";495;"11-01-2025";"00:00";-3,4;-6;83;278;2,2;271;6,1;0;1022,5;961,2;0
11150;"Salzburg";430;"11-01-2025";"00:00";-3,9;-6,1;84;160;11,2;;18,4;0;1022;966,3;0
11155;"Feuerkogel";1618;"11-01-2025";"00:00";-9,5;-11,2;88;309;11,9;280;27;0;;832,1;0
11157;"Aigen im Ennstal";640;"11-01-2025";"00:00";-6,7;-9,2;84;72;1,4;230;11,5;0;1023,6;942,2;0
11171;"Mariazell";866;"11-01-2025";"00:00";-4,9;-9,1;73;65;3,2;19;9;0;1021;915,7;0
11190;"Eisenstadt";184;"11-01-2025";"00:00";-1,5;-6,1;71;335;9,7;356;19,1;0;1019,2;996,2;0
11204;"Lienz";659;"11-01-2025";"00:00";-4,2;-7,9;76;253;1,8;213;4,3;0;1022,4;940;0
11240;"Graz/Flughafen";340;"11-01-2025";"00:00";-4,8;-7,4;82;0;1,8;;5,4;0;1020,6;974,8;0
11244;"Bad Gleichenberg";280;"11-01-2025";"00:00";-3,8;-4,8;94;287;0,7;350;5;0;1020,2;985,9;0
11265;"Villacher Alpe";2140;"11-01-2025";"00:00";-11,2;-18,9;53;253;1,4;264;22;0;;777,3;0
11331;"Klagenfurt/Flughafen";447;"11-01-2025";"00:00";-3,9;-5,2;91;303;2,9;8;7,2;0;1021,7;965,1;0
11343;"Sonnblick";3105;"11-01-2025";"00:00";-18;-23;67;277;31,7;300;56,9;;;684,9;0
11389;"St. Pölten";270;"11-01-2025";"00:00";-0,1;-5;70;240;20,5;;37,1;0;1018,8;985,2;0
11010;"Linz/Hörsching";298;"11-01-2025";"01:00";-0,4;-4;77;230;14,8;;24,1;0;1020,1;981,1;0
11012;"Kremsmünster";383;"11-01-2025";"01:00";-0,2;-4,6;72;242;15,8;244;24,5;0;1020,3;972;0
11022;"Retz";320;"11-01-2025";"01:00";-0,9;-5,6;71;256;24,8;267;31,7;0;1017,9;978;0
11035;"Wien/Hohe Warte";203;"11-01-2025";"01:00";1,1;-5,5;62;277;20,5;271;38,2;0;1018,2;992,3;0
11036;"Wien/Schwechat";183;"11-01-2025";"01:00";-0,6;-6,4;65;230;11,2;;16,6;0;1018,8;995,8;0
11101;"Bregenz";424;"11-01-2025";"01:00";-1,8;-3,4;90;136;2,2;111;6,8;0;1021,8;967,5;0
11121;"Innsbruck";579;"11-01-2025";"01:00";-2,6;-6,1;77;320;2,9;277;5,4;0;1022,5;950,3;0
11126;"Patscherkofel";2247;"11-01-2025";"01:00";-11,8;-17,8;62;347;16,2;343;23,8;0;;767,9;0
11130;"Kufstein";495;"11-01-2025";"01:00";-3,6;-6,1;84;273;0,7;278;6,5;0;1022,5;961,1;0
11150;"Salzburg";430;"11-01-2025";"01:00";-3,7;-6;84;160;14,8;;18,4;0;1021,9;966,2;0
11155;"Feuerkogel";1618;"11-01-2025";"01:00";-9,5;-10,9;90;308;12,2;322;28,1;0;;832;0
11157;"Aigen im Ennstal";640;"11-01-2025";"01:00";-6,5;-9,2;82;241;7,9;222;17,3;0;1023,6;942,3;0
11171;"Mariazell";866;"11-01-2025";"01:00";-6,1;-9,1;80;5;2,5;271;7,6;0;1021,5;915,7;0
11190;"Eisenstadt";184;"11-01-2025";"01:00";-1,9;-6,1;74;338;5,8;303;13;0;1018,7;995,7;0
11204;"Lienz";659;"11-01-2025";"01:00";-5,6;-8,5;81;286;4,3;275;9;0;1022,8;939,9;0
11240;"Graz/Flughafen";340;"11-01-2025";"01:00";-4,9;-7;85;0;1,8;;5,4;0;1020,6;974,7;0
11244;"Bad Gleichenberg";280;"11-01-2025";"01:00";-4,4;-5,4;94;359;0,7;352;4,7;0;1020,2;985,8;0
11265;"Villacher Alpe";2140;"11-01-2025";"01:00";-10,9;-19,6;50;260;15,1;265;18;0;;777;0
11331;"Klagenfurt/Flughafen";447;"11-01-2025";"01:00";-4,1;-5,5;91;299;2,9;6;7,6;0;1021,8;965,2;0
11343;"Sonnblick";3105;"11-01-2025";"01:00";-18,5;-23,2;68;271;40,3;273;58,7;;;684,8;0
11389;"St. Pölten";270;"11-01-2025";"01:00";0,1;-5,3;67;240;18;250;38,2;0;1018,9;985,4;0
11010;"Linz/Hörsching";298;"11-01-2025";"02:00";-0,2;-3,9;76;250;14,8;;22,3;0;1020,4;981,4;0
11012;"Kremsmünster";383;"11-01-2025";"02:00";0,6;-4,5;69;238;18;227;27;0;1020,3;972,1;0
11022;"Retz";320;"11-01-2025";"02:00";-1;-5,8;70;264;20,5;251;33,8;0;1018;978,1;0
11035;"Wien/Hohe Warte";203;"11-01-2025";"02:00";1,1;-5,7;60;278;20,5;272;36,4;0;1018,2;992,3;0
11036;"Wien/Schwechat";183;"11-01-2025";"02:00";-1,6;-7,1;66;210;7,6;;20,5;0;1018,9;995,8;0
11101;"Bregenz";424;"11-01-2025";"02:00";-2,3;-3,5;92;55;4,7;52;5,4;0;1022,1;967,7;0
11121;"Innsbruck";579;"11-01-2025";"02:00";-3,4;-6,4;80;155;2,2;166;6,5;0;1022,7;950,3;0
11126;"Patscherkofel";2247;"11-01-2025";"02:00";-11,8;-18,5;58;13;7,2;353;22;0;;767,9;0
11130;"Kufstein";495;"11-01-2025";"02:00";-3,9;-6,7;82;288;1,4;272;10,4;0;1022,7;961,2;0
11150;"Salzburg";430;"11-01-2025";"02:00";-4;-6,4;83;170;13;;20,5;0;1022,2;966,4;0
11155;"Feuerkogel";1618;"11-01-2025";"02:00";-9,2;-10,8;89;296;13,7;261;34,2;0;;832,1;0
11157;"Aigen im Ennstal";640;"11-01-2025";"02:00";-7,1;-9,6;83;256;6,8;229;11,9;0;1024;942,5;0
11171;"Mariazell";866;"11-01-2025";"02:00";-5,6;-8,5;80;323;1,1;242;7,6;0;1021,4;915,8;0
11190;"Eisenstadt";184;"11-01-2025";"02:00";-2,2;-6,4;74;285;15,1;281;18,7;0;1018,7;995,7;0
11204;"Lienz";659;"11-01-2025";"02:00";-5,6;-9,5;75;275;4;277;11,5;0;1022,8;939,9;0
11240;"Graz/Flughafen";340;"11-01-2025";"02:00";-7,1;-8,9;87;20;3,6;;5,4;0;1021,1;974,8;0
11244;"Bad Gleichenberg";280;"11-01-2025";"02:00";-5,1;-6,1;93;41;0,7;326;6,8;0;1020,5;986;0
11265;"Villacher Alpe";2140;"11-01-2025";"02:00";-11,6;-20;50;305;6,1;257;18;0;;776,8;0
11331;"Klagenfurt/Flughafen";447;"11-01-2025";"02:00";-5,1;-6,6;91;234;2,5;229;5,8;0;1022,1;965,3;0
11343;"Sonnblick";3105;"11-01-2025";"02:00";-18,6;-23,3;68;262;38,2;272;55,1;;;684,6;0
11389;"St. Pölten";270;"11-01-2025";"02:00";0;-5,2;68;240;18,4;239;32;0;1019,1;985,5;0
11010;"Linz/Hörsching";298;"11-01-2025";"03:00";-0,2;-4,3;74;240;14,8;;24,1;0;1020,4;981,4;0
11012;"Kremsmünster";383;"11-01-2025";"03:00";0,8;-4,7;67;237;15,8;228;30,6;0;1020,3;972,2;0
11022;"Retz";320;"11-01-2025";"03:00";-1,3;-6,1;71;252;27;248;32,8;0;1018,1;978,2;0
11035;"Wien/Hohe Warte";203;"11-01-2025";"03:00";1,2;-5,4;62;269;18,7;271;42,1;0;1018,4;992,5;0
11036;"Wien/Schwechat";183;"11-01-2025";"03:00";-1;-6,5;66;240;11,2;;16,6;0;1018,9;995,8;0
11101;"Bregenz";424;"11-01-2025";"03:00";-2,3;-3,6;92;96;4,3;153;7,6;0;1022,3;967,8;0
11121;"Innsbruck";579;"11-01-2025";"03:00";-3,9;-6,4;83;325;1,8;222;7,2;0;1023,1;950,5;0
11126;"Patscherkofel";2247;"11-01-2025";"03:00";-12,2;-18,5;61;350;18,7;346;30,6;0;;767,7;0
11130;"Kufstein";495;"11-01-2025";"03:00";-4,5;-7,1;83;119;1,1;181;6,5;0;1023,1;961,5;0
11150;"Salzburg";430;"11-01-2025";"03:00";-3,7;-6,4;81;160;14,8;;22,3;0;1022,3;966,6;0
11155;"Feuerkogel";1618;"11-01-2025";"03:00";-9,1;-10,4;91;313;13,3;285;42,1;0;;832,2;0
11157;"Aigen im Ennstal";640;"11-01-2025";"03:00";-8,2;-10,1;87;96;2,5;248;9,4;0;1024,4;942,5;0
11171;"Mariazell";866;"11-01-2025";"03:00";-3,9;-8,1;73;2;2,9;248;8,6;0;1020,6;915,7;0
11190;"Eisenstadt";184;"11-01-2025";"03:00";-3;-6,2;80;273;14;;20,5;0;1018,7;995,6;0
11204;"Lienz";659;"11-01-2025";"03:00";-4,9;-10,6;65;315;7,2;291;19,4;0;1022,7;940;0
11240;"Graz/Flughafen";340;"11-01-2025";"03:00";-6,3;-7,5;91;0;1,8;;5,4;0;1020,6;974,5;0
11244;"Bad Gleichenberg";280;"11-01-2025";"03:00";-5,8;-6,9;92;325;2,9;324;5,8;0;1020,4;985,8;0
11265;"Villacher Alpe";2140;"11-01-2025";"03:00";-11,8;-20,7;48;295;7,2;308;10,8;0;;776,7;0
11331;"Klagenfurt/Flughafen";447;"11-01-2025";"03:00";-5,6;-7,2;90;316;6,8;328;12,2;0;1022,2;965,2;0
11343;"Sonnblick";3105;"11-01-2025";"03:00";-19,1;-23,3;71;270;24,1;265;43,2;;;684,5;0
11389;"St. Pölten";270;"11-01-2025";"03:00";-0,1;-5,1;70;237;18,7;220;30,2;0;1019,2;985,6;0
11010;"Linz/Hörsching";298;"11-01-2025";"04:00";-0,3;-3,7;78;240;13;;20,5;0;1020,6;981,6;0
11012;"Kremsmünster";383;"11-01-2025";"04:00";0,1;-4,2;73;275;13;226;25,6;0;1020,6;972,3;0
11022;"Retz";320;"11-01-2025";"04:00";-0,4;-6,2;65;260;24,5;;33,8;0;1017,9;978,1;0
11035;"Wien/Hohe Warte";203;"11-01-2025";"04:00";0,8;-5,4;63;270;14,8;269;28,8;0;1018,2;992,2;0
11036;"Wien/Schwechat";183;"11-01-2025";"04:00";1,3;-5,8;60;290;24,1;;35,3;0;1018,4;995,5;0
11101;"Bregenz";424;"11-01-2025";"04:00";-2,7;-3,8;93;153;2,2;88;7,9;0;1022,5;968;0
11121;"Innsbruck";579;"11-01-2025";"04:00";-4,4;-6,4;86;188;2,2;197;6,1;0;1023,6;950,8;0
11126;"Patscherkofel";2247;"11-01-2025";"04:00";-12,1;-20;52;4;18;15;30,2;0;;767,9;0
11130;"Kufstein";495;"11-01-2025";"04:00";-5,4;-7,5;85;266;1,4;243;5,4;0;1023,9;962;0
11150;"Salzburg";430;"11-01-2025";"04:00";-4,1;-6,7;82;160;16,6;;25,9;0;1022,5;966,7;0
11155;"Feuerkogel";1618;"11-01-2025";"04:00";-9,5;-12;83;275;16,6;328;37,8;0;;832,2;0
11157;"Aigen im Ennstal";640;"11-01-2025";"04:00";-8,5;-10,2;88;252;2,9;;6,5;0;1024,4;942,4;0
11171;"Mariazell";866;"11-01-2025";"04:00";-2,6;-8,5;64;315;13,7;307;23,8;0;1019,9;915,5;0
11190;"Eisenstadt";184;"11-01-2025";"04:00";-3,2;-6,5;79;291;8,6;278;18,4;0;1018,6;995,5;0
11204;"Lienz";659;"11-01-2025";"04:00";-5;-11,1;63;309;9,7;301;16,9;0;1022,6;939,9;0
11240;"Graz/Flughafen";340;"11-01-2025";"04:00";-7,9;-8,9;92;0;1,8;;7,6;0;1020,8;974,4;0
11244;"Bad Gleichenberg";280;"11-01-2025";"04:00";-5,7;-6,9;92;343;4;352;6,5;0;1019,9;985,4;0
11265;"Villacher Alpe";2140;"11-01-2025";"04:00";-11,8;-21,2;46;305;16,6;309;18,4;0;;776,6;0
11331;"Klagenfurt/Flughafen";447;"11-01-2025";"04:00";-6,1;-7,7;90;358;2,9;313;10,1;0;1022,3;965,2;0
11343;"Sonnblick";3105;"11-01-2025";"04:00";-19,1;-24,2;66;345;15,5;344;42,8;;;684,5;0
11389;"St. Pölten";270;"11-01-2025";"04:00";-0,1;-4,8;71;256;19,1;261;36,4;0;1019,2;985,6;0
11010;"Linz/Hörsching";298;"11-01-2025";"05:00";0,1;-3,6;76;240;13;;18,4;0;1020,8;981,8;0
11012;"Kremsmünster";383;"11-01-2025";"05:00";-0,3;-4;76;257;14,4;248;27;0;1021;972,6;0
11022;"Retz";320;"11-01-2025";"05:00";0;-6,3;63;264;25,9;249;38,5;0;1017,6;977,9;0
11035;"Wien/Hohe Warte";203;"11-01-2025";"05:00";1,5;-5;62;272;15,5;259;34,2;0;1018,1;992,2;0
11036;"Wien/Schwechat";183;"11-01-2025";"05:00";1,2;-5,6;61;290;18,4;;31,3;0;1018,4;995,5;0
11101;"Bregenz";424;"11-01-2025";"05:00";-2,3;-3,1;94;242;0,7;172;5,4;0;1023;968,5;0
11121;"Innsbruck";579;"11-01-2025";"05:00";-5,4;-7,9;82;340;4;339;5,4;0;1023,9;950,8;0
11126;"Patscherkofel";2247;"11-01-2025";"05:00";-12,3;-20,5;51;358;18;355;27,4;0;;767,8;0
11130;"Kufstein";495;"11-01-2025";"05:00";-5,5;-7,4;87;190;1,4;10;5;0;1024,1;962,2;0
11150;"Salzburg";430;"11-01-2025";"05:00";-3,9;-6,8;80;160;14,8;;24,1;0;1023,1;967,3;0
11155;"Feuerkogel";1618;"11-01-2025";"05:00";-9,4;-10,8;90;309;12,2;274;45;0;;832,4;0
11157;"Aigen im Ennstal";640;"11-01-2025";"05:00";-8;-10,5;84;266;5;245;12,6;0;1024,3;942,5;0
11171;"Mariazell";866;"11-01-2025";"05:00";-2,9;-9,1;63;308;7,2;309;25,9;0;1019,9;915,4;0
11190;"Eisenstadt";184;"11-01-2025";"05:00";-3;-7,4;72;272;9;292;27;0;1018,5;995,4;0
11204;"Lienz";659;"11-01-2025";"05:00";-5,6;-11,2;66;305;5,8;290;20,5;0;1022,9;940;0
11240;"Graz/Flughafen";340;"11-01-2025";"05:00";-7,5;-8,5;93;0;1,8;;5,4;;1020,6;974,3;0
11244;"Bad Gleichenberg";280;"11-01-2025";"05:00";-5,9;-7,1;92;163;1,4;349;6,5;0;1020;985,4;0
11265;"Villacher Alpe";2140;"11-01-2025";"05:00";-11,9;-20,9;47;308;7,2;318;19,1;0;;776,7;0
11331;"Klagenfurt/Flughafen";447;"11-01-2025";"05:00";-6,2;-7,7;90;312;2,2;318;7,9;0;1022,4;965,3;0
11343;"Sonnblick";3105;"11-01-2025";"05:00";-19,1;-23,7;69;275;14;276;42,8;;;684,4;0
11389;"St. Pölten";270;"11-01-2025";"05:00";0;-4,7;71;244;22;237;38,2;0;1019,1;985,5;0
11010;"Linz/Hörsching";298;"11-01-2025";"06:00";0,4;-3,5;76;260;20,5;;27,7;0;1020,9;982;0
11012;"Kremsmünster";383;"11-01-2025";"06:00";0;-4,6;72;;22;248;37,1;0;1021;972,7;0
11022;"Retz";320;"11-01-2025";"06:00";0,4;-6,2;62;265;20,9;260;37,8;0;1017,8;978,1;0
11035;"Wien/Hohe Warte";203;"11-01-2025";"06:00";1,5;-5,4;60;271;16,9;285;36;0;1018,1;992,2;0
11036;"Wien/Schwechat";183;"11-01-2025";"06:00";1,3;-4,8;64;280;20,5;;31,3;0;1018,5;995,6;0
11101;"Bregenz";424;"11-01-2025";"06:00";-1,4;-3,2;88;141;5,4;169;6,8;0;1023,1;968,8;0
11121;"Innsbruck";579;"11-01-2025";"06:00";-5,1;-7,7;83;271;2,9;339;6,8;0;1024,3;951,3;0
11126;"Patscherkofel";2247;"11-01-2025";"06:00";-12,4;-20,5;52;10;20,2;27;30,6;0;;768;0
11130;"Kufstein";495;"11-01-2025";"06:00";-5,4;-7,5;86;272;2,2;228;6,5;0;1024,6;962,7;0
11150;"Salzburg";430;"11-01-2025";"06:00";-3,8;-6,6;81;160;11,2;;20,5;0;1023,5;967,7;0
11155;"Feuerkogel";1618;"11-01-2025";"06:00";-9,5;-11;90;279;20,2;292;42,8;0;;832,5;0
11157;"Aigen im Ennstal";640;"11-01-2025";"06:00";-7,9;-10,7;80;296;4;249;15,5;0;1024,3;942,5;0
11171;"Mariazell";866;"11-01-2025";"06:00";-2,8;-8,3;66;322;22;331;38,9;0;1020;915,5;0
11190;"Eisenstadt";184;"11-01-2025";"06:00";-0,9;-6,3;67;288;14,8;291;19,4;0;1018,6;995,7;0
11204;"Lienz";659;"11-01-2025";"06:00";-5,7;-11,5;64;310;1,4;298;12,2;0;1022,9;940;0
11240;"Graz/Flughafen";340;"11-01-2025";"06:00";-7,7;-8,9;91;0;1,8;;5,4;;1021,1;974,7;0
11244;"Bad Gleichenberg";280;"11-01-2025";"06:00";-6,5;-7,9;91;182;1,4;344;6,1;0;1020,6;985,9;0
11265;"Villacher Alpe";2140;"11-01-2025";"06:00";-12,6;-21,4;48;31;13,3;33;19,1;0;;776,8;0
11331;"Klagenfurt/Flughafen";447;"11-01-2025";"06:00";-6,2;-7,6;91;302;5;311;9;0;1022,6;965,5;0
11343;"Sonnblick";3105;"11-01-2025";"06:00";-19,2;-23,2;72;327;25,6;340;42,1;;;684,4;0
11389;"St. Pölten";270;"11-01-2025";"06:00";-0,6;-4,5;75;243;19,8;246;36;0;1018,9;985,3;0
11010;"Linz/Hörsching";298;"11-01-2025";"07:00";-1,2;-3,8;82;270;20,5;;27,7;0;1021,7;982,5;0
11012;"Kremsmünster";383;"11-01-2025";"07:00";-0,5;-4,7;74;249;20,5;248;40,7;0;1021,6;973,2;0
11022;"Retz";320;"11-01-2025";"07:00";0,5;-6,2;61;262;21,6;263;32,8;0;1018,1;978,4;0
11035;"Wien/Hohe Warte";203;"11-01-2025";"07:00";0,7;-5,1;66;262;14,8;265;32,4;0;1018,3;992,3;0
11036;"Wien/Schwechat";183;"11-01-2025";"07:00";1,3;-4,9;64;280;22,3;;33,5;0;1018,8;995,9;0
11101;"Bregenz";424;"11-01-2025";"07:00";-1;-3,2;86;175;3,6;189;7,2;0;1023,8;969,5;0
11121;"Innsbruck";579;"11-01-2025";"07:00";-5,5;-7,6;85;213;2,5;308;5,4;0;1025,2;952;0
11126;"Patscherkofel";2247;"11-01-2025";"07:00";-12,6;-21,3;49;8;23,4;360;36,4;0;;768,4;0
11130;"Kufstein";495;"11-01-2025";"07:00";-5,5;-7,4;87;89;1,4;267;5,4;0;1025,4;963,4;0
11150;"Salzburg";430;"11-01-2025";"07:00";-3,9;-6,9;80;150;9,4;;16,6;0;1024;968,1;0
11155;"Feuerkogel";1618;"11-01-2025";"07:00";-9,8;-11,3;90;311;13;290;50;0;;832,9;0
11157;"Aigen im Ennstal";640;"11-01-2025";"07:00";-7,5;-10,8;78;219;3,6;226;15,8;0;1024,6;942,9;0
11171;"Mariazell";866;"11-01-2025";"07:00";-2,8;-8;68;323;13;312;34,2;0;1020,3;915,8;0
11190;"Eisenstadt";184;"11-01-2025";"07:00";1,4;-4,9;64;292;13;305;34,9;0;1018,9;996,2;0
11204;"Lienz";659;"11-01-2025";"07:00";-7;-11;74;282;2,5;279;12,2;0;1023,9;940,5;0
11240;"Graz/Flughafen";340;"11-01-2025";"07:00";-8,3;-9,6;91;130;3,6;;7,6;0;1021,8;975,3;0
11244;"Bad Gleichenberg";280;"11-01-2025";"07:00";-7;-8,3;91;33;3,2;339;6,5;0;1021,3;986,5;0
11265;"Villacher Alpe";2140;"11-01-2025";"07:00";-12,9;-20,4;54;23;12,2;311;22,7;0;;777,1;0
11331;"Klagenfurt/Flughafen";447;"11-01-2025";"07:00";-7,1;-8,9;88;316;2,9;314;9;;1023,2;965,9;0
11343;"Sonnblick";3105;"11-01-2025";"07:00";-19,3;-23,3;73;328;33,8;320;61,2;;;684,4;0
11389;"St. Pölten";270;"11-01-2025";"07:00";-0,4;-4,1;77;237;19,1;243;35,3;0;1019,3;985,7;0
11010;"Linz/Hörsching";298;"11-01-2025";"08:00";-1,3;-3,7;84;270;20,5;;27,7;0;1022;982,8;0
11012;"Kremsmünster";383;"11-01-2025";"08:00";-0,9;-4,8;76;249;21,6;252;38,5;0;1022;973,5;0
11022;"Retz";320;"11-01-2025";"08:00";0,6;-6,2;61;267;18;264;29,5;0;1018,3;978,6;0
11035;"Wien/Hohe Warte";203;"11-01-2025";"08:00";0,8;-4,4;68;261;18;268;41,4;0;1018,4;992,4;0
11036;"Wien/Schwechat";183;"11-01-2025";"08:00";0,4;-4,6;69;260;13;;33,5;0;1019,1;996,2;4
11101;"Bregenz";424;"11-01-2025";"08:00";-2,3;-3,6;92;61;1,8;185;6,8;0;1024,5;969,9;0
11121;"Innsbruck";579;"11-01-2025";"08:00";-5,8;-7,7;87;270;1,1;204;5;0;1026;952,7;0
11126;"Patscherkofel";2247;"11-01-2025";"08:00";-12,6;-21,4;48;1;26,3;360;35,6;0;;768,6;0
11130;"Kufstein";495;"11-01-2025";"08:00";-5,7;-7,7;87;154;1,4;272;6,1;0;1025,6;963,6;0
11150;"Salzburg";430;"11-01-2025";"08:00";-4,2;-7,1;81;150;9,4;;16,6;0;1024,7;968,7;0
11155;"Feuerkogel";1618;"11-01-2025";"08:00";-10,1;-12,2;85;280;15,8;;43,9;0;;833,2;0
11157;"Aigen im Ennstal";640;"11-01-2025";"08:00";-6,1;-10,4;73;229;13,3;218;27,4;0;1024,4;943,1;0
11171;"Mariazell";866;"11-01-2025";"08:00";-2,8;-8,1;68;312;20,5;331;37,1;0;1020,7;916,2;0
11190;"Eisenstadt";184;"11-01-2025";"08:00";1,1;-5,2;64;257;12,6;251;23,4;0;1019,1;996,3;15
11204;"Lienz";659;"11-01-2025";"08:00";-7,8;-11,1;77;88;1,4;274;9,4;0;1024,7;941;0
11240;"Graz/Flughafen";340;"11-01-2025";"08:00";-7,6;-8,7;92;170;3,6;;11,2;;1022,3;975,9;5
11244;"Bad Gleichenberg";280;"11-01-2025";"08:00";-7,3;-8,7;90;328;1,8;318;3,2;0;1021,8;987;0
11265;"Villacher Alpe";2140;"11-01-2025";"08:00";-12,7;-21,3;49;28;20,9;25;29,5;0;;777,5;24
11331;"Klagenfurt/Flughafen";447;"11-01-2025";"08:00";-7,6;-9,3;89;11;1,4;287;7,6;0;1024,2;966,7;0
11343;"Sonnblick";3105;"11-01-2025";"08:00";-19,2;-23;73;320;38,5;275;68,4;;;684,7;12
11389;"St. Pölten";270;"11-01-2025";"08:00";-0,6;-3,8;79;241;25,6;228;45;0;1019,5;985,9;0
11010;"Linz/Hörsching";298;"11-01-2025";"09:00";-0,1;-3,3;79;260;20,5;;29,5;0;1022,4;983,3;32
11012;"Kremsmünster";383;"11-01-2025";"09:00";-0,7;-4,5;76;253;25,9;243;40,7;0;1022,5;974;57
11022;"Retz";320;"11-01-2025";"09:00";0,9;-5,8;62;265;19,8;270;34,6;0;1018,3;978,7;26
11035;"Wien/Hohe Warte";203;"11-01-2025";"09:00";1,4;-4,1;67;265;20,9;269;41,4;0;1018,6;992,7;0
11036;"Wien/Schwechat";183;"11-01-2025";"09:00";1,6;-4,3;65;280;16,6;;27,7;0;1019,3;996,5;1
11101;"Bregenz";424;"11-01-2025";"09:00";-1,9;-3,8;88;339;2,5;156;11,5;0;1025,6;971;0
11121;"Innsbruck";579;"11-01-2025";"09:00";-5,4;-7,8;84;309;4,3;312;8,6;0;1026,5;953,3;2
11126;"Patscherkofel";2247;"11-01-2025";"09:00";-12,5;-19,3;58;360;22,3;360;34,2;0;;769,1;32
11130;"Kufstein";495;"11-01-2025";"09:00";-5,3;-7,5;85;262;0,7;176;5;0;1026,3;964,3;0
11150;"Salzburg";430;"11-01-2025";"09:00";-4,1;-7,2;79;160;9,4;;16,6;0;1024,8;968,9;12
11155;"Feuerkogel";1618;"11-01-2025";"09:00";-9,9;-12,4;83;285;28,4;246;54,7;0;;833,4;0
11157;"Aigen im Ennstal";640;"11-01-2025";"09:00";-4,5;-10,2;66;222;19,8;211;33,1;0;1024,1;943,3;0
11171;"Mariazell";866;"11-01-2025";"09:00";-3,1;-8,7;66;319;19,4;305;39,6;0;1021,2;916,5;0
11190;"Eisenstadt";184;"11-01-2025";"09:00";1,3;-5,7;60;246;11,2;260;21,2;0;1019,1;996,4;45
11204;"Lienz";659;"11-01-2025";"09:00";-6,9;-10,1;79;150;1,4;44;8,3;0;1024,9;941,4;69
11240;"Graz/Flughafen";340;"11-01-2025";"09:00";-4,7;-6,9;85;130;3,6;;7,6;0;1022,2;976,3;100
11244;"Bad Gleichenberg";280;"11-01-2025";"09:00";-5,9;-7,2;91;167;2,5;270;6,8;0;1022;987,4;50
11265;"Villacher Alpe";2140;"11-01-2025";"09:00";-12;-22,1;43;317;13,3;312;33,1;0;;777,9;99
11331;"Klagenfurt/Flughafen";447;"11-01-2025";"09:00";-5,9;-6,9;94;305;4;37;7,9;0;1024,2;967,1;0
11343;"Sonnblick";3105;"11-01-2025";"09:00";-19,2;-23,9;68;320;34,9;303;74,2;;;685,2;99
11389;"St. Pölten";270;"11-01-2025";"09:00";0;-3,5;78;239;28,4;237;49,3;0;1019,8;986,2;1
11010;"Linz/Hörsching";298;"11-01-2025";"10:00";0,4;-3,9;73;260;27,7;;37,1;0;1022,4;983,4;10
11012;"Kremsmünster";383;"11-01-2025";"10:00";-0,4;-4,2;75;253;21,2;246;49;0;1022,9;974,4;1
11022;"Retz";320;"11-01-2025";"10:00";1,3;-4,5;66;;28,1;257;51,1;0;1018,6;979;92
11035;"Wien/Hohe Warte";203;"11-01-2025";"10:00";1,8;-3,6;67;262;22;279;47,9;0;1019,3;993,4;0
11036;"Wien/Schwechat";183;"11-01-2025";"10:00";2,5;-4,7;59;280;29,5;;40,7;0;1019,6;996,8;0
11101;"Bregenz";424;"11-01-2025";"10:00";-1,2;-2,7;90;155;1,1;314;8,6;0;1025,5;971,1;0
11121;"Innsbruck";579;"11-01-2025";"10:00";-2,6;-6,5;76;;2,5;237;9;0;1026,2;953,7;99
11126;"Patscherkofel";2247;"11-01-2025";"10:00";-12,8;-17,6;68;20;14,4;3;28,4;0;;769,6;100
11130;"Kufstein";495;"11-01-2025";"10:00";-5;-7,5;83;186;0,7;242;5;0;1026,5;964,6;0
11150;"Salzburg";430;"11-01-2025";"10:00";-2,6;-6,5;74;140;11,2;;16,6;0;1024,9;969,3;81
11155;"Feuerkogel";1618;"11-01-2025";"10:00";-9,7;-11,8;86;283;22,7;287;52,2;0;;833,7;18
11157;"Aigen im Ennstal";640;"11-01-2025";"10:00";-3,9;-9,6;65;212;16,2;211;31,7;0;1024,2;943,6;27
11171;"Mariazell";866;"11-01-2025";"10:00";-2,6;-9,3;60;294;13,7;322;30,2;0;1021,3;916,8;0
11190;"Eisenstadt";184;"11-01-2025";"10:00";2,8;-5,2;56;185;4,3;231;14,8;0;1019,4;996,8;31
11204;"Lienz";659;"11-01-2025";"10:00";-3,9;-10,5;62;290;5,4;278;10,8;0;1024;941,5;100
11240;"Graz/Flughafen";340;"11-01-2025";"10:00";-2,1;-6,4;72;0;1,8;;7,6;0;1022;976,5;99
11244;"Bad Gleichenberg";280;"11-01-2025";"10:00";-3,3;-4,8;89;141;1,4;169;4,3;0;1022;987,7;100
11265;"Villacher Alpe";2140;"11-01-2025";"10:00";-11,7;-21,5;44;309;21,2;310;43,6;0;;778,1;100
11331;"Klagenfurt/Flughafen";447;"11-01-2025";"10:00";-5,2;-6,2;94;288;1,4;311;9;0;1024,4;967,4;0
11343;"Sonnblick";3105;"11-01-2025";"10:00";-19,3;-24;67;321;37,4;290;71,6;;;685,4;100
11389;"St. Pölten";270;"11-01-2025";"10:00";0,8;-3,8;72;241;27,7;257;47,5;0;1020,8;987,3;51
11010;"Linz/Hörsching";298;"11-01-2025";"11:00";0,3;-3,3;77;270;27,7;;44,3;0;1022,8;983,8;0
11012;"Kremsmünster";383;"11-01-2025";"11:00";0,2;-4;73;;27;252;47,2;0;1022,9;974,5;5
11022;"Retz";320;"11-01-2025";"11:00";1,5;-5,8;59;265;32,4;251;51,5;0;1018,8;979,2;32
11035;"Wien/Hohe Warte";203;"11-01-2025";"11:00";2,1;-3,8;65;264;25,6;243;49,7;0;1019,4;993,5;11
11036;"Wien/Schwechat";183;"11-01-2025";"11:00";2,7;-4,8;58;280;37,1;;51,8;0;1019,9;997,1;10
11101;"Bregenz";424;"11-01-2025";"11:00";0,8;-2,9;76;290;4,3;294;9,7;0;1025,2;971,2;97
11121;"Innsbruck";579;"11-01-2025";"11:00";-1,7;-6,6;70;263;1,1;165;9,4;0;1025,8;953,6;100
11126;"Patscherkofel";2247;"11-01-2025";"11:00";-12,8;-18,5;63;5;16,6;2;33,1;0;;769,6;100
11130;"Kufstein";495;"11-01-2025";"11:00";-3,1;-6,7;78;281;2,5;270;9,4;0;1026;964,5;7
11150;"Salzburg";430;"11-01-2025";"11:00";-0,6;-5,4;70;110;5,4;;18,4;0;1024,9;969,7;77
11155;"Feuerkogel";1618;"11-01-2025";"11:00";-9,7;-11,2;89;269;27,4;251;55,8;0;;834;0
11157;"Aigen im Ennstal";640;"11-01-2025";"11:00";-1,5;-9,7;54;211;18,7;223;25,6;0;1023,5;943,6;32
11171;"Mariazell";866;"11-01-2025";"11:00";-2,8;-8,2;67;311;21,6;296;37,8;0;1021,6;917;0
11190;"Eisenstadt";184;"11-01-2025";"11:00";3,5;-5,3;53;303;15,1;306;33,5;0;1019,6;997;0
11204;"Lienz";659;"11-01-2025";"11:00";-3,2;-10,3;58;;7,9;260;16,9;0;1023,7;941,4;100
11240;"Graz/Flughafen";340;"11-01-2025";"11:00";0,6;-7,5;54;190;7,6;;11,2;0;1021,6;976,6;99
11244;"Bad Gleichenberg";280;"11-01-2025";"11:00";-0,9;-3,2;86;99;3,2;177;8,3;0;1022;988;100
11265;"Villacher Alpe";2140;"11-01-2025";"11:00";-12,1;-20,5;50;305;20,5;310;42,5;0;;778,2;100
11331;"Klagenfurt/Flughafen";447;"11-01-2025";"11:00";-2,7;-5,1;87;111;0,4;175;10,1;0;1023,8;967,4;82
11343;"Sonnblick";3105;"11-01-2025";"11:00";-19,2;-23,4;70;316;30,2;326;60,8;;;685,6;100
11389;"St. Pölten";270;"11-01-2025";"11:00";1;-3,9;70;233;29,9;235;55,1;0;1020,6;987,1;66
11010;"Linz/Hörsching";298;"11-01-2025";"12:00";0,2;-3,4;77;270;27,7;;40,7;0;1022,7;983,7;0
11012;"Kremsmünster";383;"11-01-2025";"12:00";0,3;-4,4;71;260;29,9;257;54,4;0;1022,7;974,4;0
11022;"Retz";320;"11-01-2025";"12:00";1,6;-5,9;58;266;24,1;288;53,6;0;1018,3;978,8;1
11035;"Wien/Hohe Warte";203;"11-01-2025";"12:00";3,2;-3,9;60;264;25,9;269;48,6;0;1018,6;992,8;59
11036;"Wien/Schwechat";183;"11-01-2025";"12:00";3,5;-4,7;55;280;27,7;;51,8;0;1019,1;996,4;51
11101;"Bregenz";424;"11-01-2025";"12:00";1,4;-2,7;74;4;2,2;7;10,8;0;1025;971,1;100
11121;"Innsbruck";579;"11-01-2025";"12:00";-0,2;-6,9;61;178;3,2;66;9,4;0;1024,8;953;100
11126;"Patscherkofel";2247;"11-01-2025";"12:00";-12,3;-19,2;57;11;12,2;360;30,6;0;;769,7;100
11130;"Kufstein";495;"11-01-2025";"12:00";-1,9;-6,7;70;119;4,3;94;8,6;0;1025,3;964,1;99
11150;"Salzburg";430;"11-01-2025";"12:00";-0,2;-4,9;70;180;5,4;;14,8;0;1024,3;969,2;16
11155;"Feuerkogel";1618;"11-01-2025";"12:00";-9,5;-11,2;88;296;16,9;310;49,3;0;;833,7;0
11157;"Aigen im Ennstal";640;"11-01-2025";"12:00";-0,9;-9,3;53;194;18;213;37,1;0;1022,9;943,2;0
11171;"Mariazell";866;"11-01-2025";"12:00";-2,5;-8,1;66;322;18,7;314;40,7;0;1021,2;916,7;0
11190;"Eisenstadt";184;"11-01-2025";"12:00";3,6;-5,2;53;300;14;297;41,8;0;1019,5;996,9;7
11204;"Lienz";659;"11-01-2025";"12:00";-1,9;-10,3;54;313;1,4;284;15,8;0;1022,5;940,7;100
11240;"Graz/Flughafen";340;"11-01-2025";"12:00";2,9;-7;48;140;3,6;;11,2;0;1020,6;976;99
11244;"Bad Gleichenberg";280;"11-01-2025";"12:00";2,8;-4,1;60;164;2,5;189;7,9;0;1020,9;987,4;100
11265;"Villacher Alpe";2140;"11-01-2025";"12:00";-12;-20,6;49;340;26,6;331;41,8;0;;777,9;100
11331;"Klagenfurt/Flughafen";447;"11-01-2025";"12:00";-1;-4,7;77;181;5;187;13,3;0;1022,5;966,5;100
11343;"Sonnblick";3105;"11-01-2025";"12:00";-19,2;-23,5;69;330;32,8;325;68,4;;;685,2;100
11389;"St. Pölten";270;"11-01-2025";"12:00";1,4;-3,8;69;240;29,9;241;53,6;0;1020;986,6;64
11010;"Linz/Hörsching";298;"11-01-2025";"13:00";0,3;-3,3;77;260;27,7;;40,7;0;1022,6;983,6;0
11012;"Kremsmünster";383;"11-01-2025";"13:00";0;-3,7;76;260;23;256;50,8;0;1022,8;974,4;0
11022;"Retz";320;"11-01-2025";"13:00";1,6;-6,4;55;270;23,4;275;51,5;0;1018,1;978,6;0
11035;"Wien/Hohe Warte";203;"11-01-2025";"13:00";3,5;-3,8;59;261;25,9;263;51,8;0;1018,2;992,5;44
11036;"Wien/Schwechat";183;"11-01-2025";"13:00";3,2;-5;54;280;37,1;;48,2;0;1018,7;996;33
11101;"Bregenz";424;"11-01-2025";"13:00";2,5;-3,5;64;43;1,1;1;9;0;1024,7;971;100
11121;"Innsbruck";579;"11-01-2025";"13:00";0,7;-7,1;56;206;3,6;222;12,2;0;1024;952,5;99
11126;"Patscherkofel";2247;"11-01-2025";"13:00";-12,4;-19,1;57;7;15,8;357;24,5;0;;769,7;100
11130;"Kufstein";495;"11-01-2025";"13:00";-0,5;-6,3;65;98;5,8;96;9;0;1024,8;964;7
11150;"Salzburg";430;"11-01-2025";"13:00";1,1;-5,8;60;270;13;;25,9;0;1023,5;968,7;0
11155;"Feuerkogel";1618;"11-01-2025";"13:00";-9,2;-11,2;86;327;18,7;334;59;0;;833,6;0
11157;"Aigen im Ennstal";640;"11-01-2025";"13:00";-0,1;-9,3;50;215;17,6;220;37,8;0;1022,5;943,1;0
11171;"Mariazell";866;"11-01-2025";"13:00";-2,8;-7,8;69;327;22;323;46,4;0;1021;916,4;0
11190;"Eisenstadt";184;"11-01-2025";"13:00";4,1;-5,5;50;286;18,7;304;39,6;0;1018,9;996,4;55
11204;"Lienz";659;"11-01-2025";"13:00";-0,3;-10;47;152;2,2;94;8,6;0;1021,5;940,2;100
11240;"Graz/Flughafen";340;"11-01-2025";"13:00";3,8;-7,2;45;140;9,4;;14,8;0;1019,5;975,1;99
11244;"Bad Gleichenberg";280;"11-01-2025";"13:00";3,8;-5,5;51;173;9;163;16,9;0;1019,9;986,5;100
11265;"Villacher Alpe";2140;"11-01-2025";"13:00";-11,5;-21,2;45;336;26,3;332;38,9;0;;777,9;100
11331;"Klagenfurt/Flughafen";447;"11-01-2025";"13:00";0,2;-4,8;69;211;1,4;210;9,4;0;1021,7;966;100
11343;"Sonnblick";3105;"11-01-2025";"13:00";-18,9;-24;65;324;27,7;309;64,1;;;685,3;100
11389;"St. Pölten";270;"11-01-2025";"13:00";0,9;-3,7;72;240;31;246;56,9;0;1020;986,5;25
11010;"Linz/Hörsching";298;"11-01-2025";"14:00";0,6;-3,2;76;260;27,7;;46,4;0;1022,6;983,6;7
11012;"Kremsmünster";383;"11-01-2025";"14:00";0,3;-4;74;264;27,7;244;44,6;0;1022,6;974,3;0
11022;"Retz";320;"11-01-2025";"14:00";1,7;-6,6;54;263;25,9;285;51,8;0;1017,9;978,4;1
11035;"Wien/Hohe Warte";203;"11-01-2025";"14:00";3,3;-4;59;263;34,6;268;57,2;0;1018,2;992,5;97
11036;"Wien/Schwechat";183;"11-01-2025";"14:00";3;-5,3;54;280;38,9;;59,4;0;1018,6;995,9;99
11101;"Bregenz";424;"11-01-2025";"14:00";2,7;-4,7;58;236;2,9;267;9;0;1024,5;970,9;74
11121;"Innsbruck";579;"11-01-2025";"14:00";1,5;-7,6;51;183;3,2;228;12,2;0;1023,6;952,3;100
11126;"Patscherkofel";2247;"11-01-2025";"14:00";-12,5;-17,9;64;19;11,9;356;23,4;0;;769,8;100
11130;"Kufstein";495;"11-01-2025";"14:00";1,5;-6,4;56;49;10,1;42;18,7;0;1024,2;963,8;78
11150;"Salzburg";430;"11-01-2025";"14:00";1,4;-6;58;310;18,4;;29,5;0;1024;969,2;0
11155;"Feuerkogel";1618;"11-01-2025";"14:00";-9,5;-11;90;301;20,5;277;57,6;0,2;;833,8;0
11157;"Aigen im Ennstal";640;"11-01-2025";"14:00";-0,2;-8,4;54;226;22,3;146;52,2;0;1022,7;943,2;0
11171;"Mariazell";866;"11-01-2025";"14:00";-2,7;-8,7;64;325;22,3;332;41,4;0;1021;916,5;1
11190;"Eisenstadt";184;"11-01-2025";"14:00";3,2;-5,5;53;289;21,6;286;40,7;0;1018,8;996,2;8
11204;"Lienz";659;"11-01-2025";"14:00";-2,6;-11,7;50;241;4;248;10,8;0;1021,6;939,7;91
11240;"Graz/Flughafen";340;"11-01-2025";"14:00";5,1;-8,5;37;30;3,6;;18,4;0;1019,5;975,3;87
11244;"Bad Gleichenberg";280;"11-01-2025";"14:00";4,3;-6,1;47;185;9,7;176;18;0;1019,9;986,6;74
11265;"Villacher Alpe";2140;"11-01-2025";"14:00";-11,5;-20,4;48;347;23,4;325;41,4;0;;777,7;100
11331;"Klagenfurt/Flughafen";447;"11-01-2025";"14:00";1,8;-5,4;60;172;2,2;200;9;0;1020,9;965,5;100
11343;"Sonnblick";3105;"11-01-2025";"14:00";-19,1;-24,2;64;322;34,9;318;67,3;;;685,3;100
11389;"St. Pölten";270;"11-01-2025";"14:00";1,2;-3,8;69;238;32;243;54;0;1019,7;986,3;78
11010;"Linz/Hörsching";298;"11-01-2025";"15:00";0,7;-3,7;72;260;29,5;;51,8;0;1023,1;984,1;51
11012;"Kremsmünster";383;"11-01-2025";"15:00";0,4;-3,7;74;259;26,6;268;52,2;0;1023,2;974,9;0
11022;"Retz";320;"11-01-2025";"15:00";1,6;-6,4;56;285;18,4;274;40;0;1018,8;979,3;0
11035;"Wien/Hohe Warte";203;"11-01-2025";"15:00";3;-4,4;58;266;24,5;265;52,2;0;1018,4;992,6;96
11036;"Wien/Schwechat";183;"11-01-2025";"15:00";2,7;-5,5;55;280;38,9;;59,4;0;1018,9;996,1;100
11101;"Bregenz";424;"11-01-2025";"15:00";2,8;-6,3;52;281;4,7;292;17,6;0;1024,8;971,2;100
11121;"Innsbruck";579;"11-01-2025";"15:00";1,7;-7,8;49;171;5,8;156;10,1;0;1023,7;952,5;100
11126;"Patscherkofel";2247;"11-01-2025";"15:00";-12,6;-18,5;62;21;10,8;358;24,1;0;;770;100
11130;"Kufstein";495;"11-01-2025";"15:00";1,5;-7,6;51;83;7,9;78;18,7;0;1024,7;964,3;0
11150;"Salzburg";430;"11-01-2025";"15:00";0,9;-4,4;68;350;16,6;;31,3;0;1024,7;969,8;0
11155;"Feuerkogel";1618;"11-01-2025";"15:00";-9,8;-11,6;87;295;23;269;58,7;0;;834,3;0
11157;"Aigen im Ennstal";640;"11-01-2025";"15:00";-0,5;-7,9;58;225;23;216;42,1;0;1023,1;943,5;0
11171;"Mariazell";866;"11-01-2025";"15:00";-2,9;-8,8;64;316;22;324;45,4;0;1021,8;917,1;0
11190;"Eisenstadt";184;"11-01-2025";"15:00";3,6;-5,7;51;277;17,3;299;37,8;0;1019,1;996,5;63
11204;"Lienz";659;"11-01-2025";"15:00";-3,8;-10,4;61;219;2,2;226;10,4;0;1021,9;939,6;0
11240;"Graz/Flughafen";340;"11-01-2025";"15:00";5,2;-10,3;32;30;11,2;;18,4;0;1019,6;975,4;81
11244;"Bad Gleichenberg";280;"11-01-2025";"15:00";4,2;-6,6;46;201;7,6;199;19,8;0;1019,9;986,6;80
11265;"Villacher Alpe";2140;"11-01-2025";"15:00";-11,6;-20,6;48;348;25,9;343;36,4;0;;777,9;100
11331;"Klagenfurt/Flughafen";447;"11-01-2025";"15:00";1,7;-6,9;53;161;5,4;171;10,8;0;1020,9;965,5;100
11343;"Sonnblick";3105;"11-01-2025";"15:00";-19,8;-23,9;71;354;21,2;320;62,3;;;685,4;100
11389;"St. Pölten";270;"11-01-2025";"15:00";1,2;-4,4;67;237;31,3;246;58;0;1020,2;986,7;25
11010;"Linz/Hörsching";298;"11-01-2025";"16:00";0,7;-4,2;70;260;27,7;;42,5;0;1023,6;984,6;4
11012;"Kremsmünster";383;"11-01-2025";"16:00";0,3;-4,9;69;262;28,1;258;50,8;0;1024,2;975,8;11
11022;"Retz";320;"11-01-2025";"16:00";1,4;-6,9;54;271;22,7;283;42,8;0;1019,3;979,7;0
11035;"Wien/Hohe Warte";203;"11-01-2025";"16:00";2,3;-4,9;59;271;26,3;270;54,4;0;1019,1;993,2;7
11036;"Wien/Schwechat";183;"11-01-2025";"16:00";2,4;-5,3;57;280;35,3;;55,4;0;1019,3;996,5;54
11101;"Bregenz";424;"11-01-2025";"16:00";2,7;-6,7;50;294;10,4;282;19,8;0;1025,7;972;100
11121;"Innsbruck";579;"11-01-2025";"16:00";0;-7,9;56;193;7,2;175;11,2;0;1024,8;953,1;70
11126;"Patscherkofel";2247;"11-01-2025";"16:00";-13;-17,3;71;11;13,7;336;27;0;;770,3;100
11130;"Kufstein";495;"11-01-2025";"16:00";1,6;-8,3;48;75;8,6;72;15,1;0;1025,2;964,8;33
11150;"Salzburg";430;"11-01-2025";"16:00";-0,8;-3,7;80;340;16,6;;22,3;0;1025,6;970,3;2
11155;"Feuerkogel";1618;"11-01-2025";"16:00";-9,8;-12,8;80;305;25,6;298;60,1;0;;834,6;0
11157;"Aigen im Ennstal";640;"11-01-2025";"16:00";-0,4;-8,8;54;226;21,6;220;45;0;1023,8;944,2;0
11171;"Mariazell";866;"11-01-2025";"16:00";-3;-9,6;61;327;20,9;329;44,6;0;1022,2;917,4;0
11190;"Eisenstadt";184;"11-01-2025";"16:00";2,9;-6,9;49;267;21,2;;37,4;0;1019,3;996,7;95
11204;"Lienz";659;"11-01-2025";"16:00";-4,4;-10,2;64;237;1,8;284;12,6;0;1022,7;940,2;0
11240;"Graz/Flughafen";340;"11-01-2025";"16:00";3,9;-10,7;34;330;13;;27,7;0;1019,9;975,5;95
11244;"Bad Gleichenberg";280;"11-01-2025";"16:00";1,4;-5,9;59;273;4,3;212;9;0;1020,4;986,7;73
11265;"Villacher Alpe";2140;"11-01-2025";"16:00";-11,9;-19,7;53;343;29,2;334;36,7;0;;778,1;100
11331;"Klagenfurt/Flughafen";447;"11-01-2025";"16:00";1,4;-6,3;56;193;5;136;10,1;0;1021;965,5;100
11343;"Sonnblick";3105;"11-01-2025";"16:00";-19,8;-22,7;78;343;19,1;4;51,8;;;685,6;92
11389;"St. Pölten";270;"11-01-2025";"16:00";0,9;-4,8;66;243;35,3;251;57,6;0;1020,4;986,9;39
11010;"Linz/Hörsching";298;"11-01-2025";"17:00";0,3;-4,2;72;260;29,5;;42,5;0;1024,5;985,4;0
11012;"Kremsmünster";383;"11-01-2025";"17:00";0;-5,9;65;249;29,5;;52,6;0;1024,7;976,2;0
11022;"Retz";320;"11-01-2025";"17:00";1;-7,7;52;274;24,1;281;51,1;0;1020,1;980,4;0
11035;"Wien/Hohe Warte";203;"11-01-2025";"17:00";2;-4,6;62;270;29,2;271;52,2;0;1019,5;993,6;0
11036;"Wien/Schwechat";183;"11-01-2025";"17:00";2;-5,4;58;290;37,1;;61,2;0;1019,9;997,1;0
11101;"Bregenz";424;"11-01-2025";"17:00";1,8;-4,9;62;317;13,3;307;23;0;1026,9;973;48
11121;"Innsbruck";579;"11-01-2025";"17:00";-1,9;-7,5;66;266;6,8;276;19,1;0;1026,4;954,1;0
11126;"Patscherkofel";2247;"11-01-2025";"17:00";-13,7;-17,2;76;10;18,7;359;30,2;0;;770,9;47
11130;"Kufstein";495;"11-01-2025";"17:00";0,2;-5;68;92;11,5;66;24,5;0;1026,6;965,8;0
11150;"Salzburg";430;"11-01-2025";"17:00";-1,3;-4,1;81;340;16,6;;25,9;0;1026,8;971,3;0
11155;"Feuerkogel";1618;"11-01-2025";"17:00";-9,9;-11,3;90;297;20,9;288;61,2;0;;835,4;0
11157;"Aigen im Ennstal";640;"11-01-2025";"17:00";-0,1;-10,1;47;228;21,2;220;41,4;0;1024,2;944,6;0
11171;"Mariazell";866;"11-01-2025";"17:00";-3,2;-8,7;66;312;19,1;332;46,1;0;1022,6;917,7;0
11190;"Eisenstadt";184;"11-01-2025";"17:00";2,6;-7,2;49;271;20,2;296;34,9;0;1020;997,3;7
11204;"Lienz";659;"11-01-2025";"17:00";-4,3;-10,6;62;276;2,2;281;16,6;0;1023,5;940,9;0
11240;"Graz/Flughafen";340;"11-01-2025";"17:00";1,6;-10,3;41;330;7,6;;20,5;0;1020,8;976;0
11244;"Bad Gleichenberg";280;"11-01-2025";"17:00";-1,1;-5,3;74;299;2,5;346;7,2;0;1021,1;987,1;0
11265;"Villacher Alpe";2140;"11-01-2025";"17:00";-12,2;-19,5;55;342;31;338;40,3;0;;778,1;64
11331;"Klagenfurt/Flughafen";447;"11-01-2025";"17:00";-2;-6,5;72;98;4;178;10,4;0;1022,6;966,4;8
11343;"Sonnblick";3105;"11-01-2025";"17:00";-20,2;-22,7;82;353;26,3;341;52,9;;;685,8;26
11389;"St. Pölten";270;"11-01-2025";"17:00";1;-4,8;66;246;33,8;248;56,2;0;1021,4;987,9;0
11010;"Linz/Hörsching";298;"11-01-2025";"18:00";0;-4,6;71;260;29,5;;40,7;0;1025,1;985,9;0
11012;"Kremsmünster";383;"11-01-2025";"18:00";-0,3;-6,6;63;250;28,8;235;55,4;0;1025,3;976,7;0
11022;"Retz";320;"11-01-2025";"18:00";0,9;-7,6;53;262;30,2;267;47,9;0;1019,9;980,2;0
11035;"Wien/Hohe Warte";203;"11-01-2025";"18:00";1,8;-4,5;63;280;26,3;290;50,4;0;1020;994,1;0
11036;"Wien/Schwechat";183;"11-01-2025";"18:00";1,5;-4,8;63;290;35,3;;63;0;1020,4;997,5;0
11101;"Bregenz";424;"11-01-2025";"18:00";1,2;-3,8;70;312;7,2;306;20,9;0;1027,8;973,7;0
11121;"Innsbruck";579;"11-01-2025";"18:00";-2,2;-8,5;62;270;5;277;14,8;0;1027,6;955,1;0
11126;"Patscherkofel";2247;"11-01-2025";"18:00";-14;-16,4;83;12;13,3;9;33,5;0;;771,3;0
11130;"Kufstein";495;"11-01-2025";"18:00";-0,6;-4,5;75;62;8,6;93;20,9;0;1027,7;966,7;0
11150;"Salzburg";430;"11-01-2025";"18:00";-1;-4,4;78;330;20,5;;33,5;0;1027,6;972,1;0
11155;"Feuerkogel";1618;"11-01-2025";"18:00";-10;-11,4;90;293;19,8;297;54,4;0;;835,7;0
11157;"Aigen im Ennstal";640;"11-01-2025";"18:00";-0,3;-9,6;50;224;27;169;57,6;0;1024,5;944,9;0
11171;"Mariazell";866;"11-01-2025";"18:00";-3,6;-9,2;65;312;26,6;304;60,1;0;1023,8;918,6;0
11190;"Eisenstadt";184;"11-01-2025";"18:00";2,3;-6,5;53;277;28,1;289;46,4;0;1019,8;997,1;0
11204;"Lienz";659;"11-01-2025";"18:00";-3,6;-12,8;49;180;4;86;15,5;0;1023,9;941,5;0
11240;"Graz/Flughafen";340;"11-01-2025";"18:00";1,6;-10,2;42;310;9,4;;14,8;0;1021,1;976,3;0
11244;"Bad Gleichenberg";280;"11-01-2025";"18:00";-2,4;-5,7;78;84;2,5;84;7,2;0;1021,8;987,6;0
11265;"Villacher Alpe";2140;"11-01-2025";"18:00";-12,9;-18,2;65;3;31,7;357;41,4;0;;778,5;0
11331;"Klagenfurt/Flughafen";447;"11-01-2025";"18:00";-3;-6,1;80;360;1,8;216;9,4;0;1023,5;967;0
11343;"Sonnblick";3105;"11-01-2025";"18:00";-20,4;-22,9;82;1;27,7;7;54,7;;;685,9;0
11389;"St. Pölten";270;"11-01-2025";"18:00";0,8;-4,7;67;242;33,1;250;59,8;0;1022;988,4;0
11010;"Linz/Hörsching";298;"11-01-2025";"19:00";0;-4,5;72;260;27,7;;40,7;0;1025,8;986,6;0
11012;"Kremsmünster";383;"11-01-2025";"19:00";-0,3;-6,3;64;251;25,9;252;49,7;0;1026;977,4;0
11022;"Retz";320;"11-01-2025";"19:00";0,8;-7,4;54;265;34,2;272;58,3;0;1020,1;980,4;0
11035;"Wien/Hohe Warte";203;"11-01-2025";"19:00";1,7;-4,6;63;276;25,6;281;49,3;0;1020,2;994,3;0
11036;"Wien/Schwechat";183;"11-01-2025";"19:00";1,6;-5,4;60;290;35,3;;53,6;0;1020,4;997,5;0
11101;"Bregenz";424;"11-01-2025";"19:00";0,3;-3,6;76;145;3,6;303;11,5;0;1028,9;974,6;0
11121;"Innsbruck";579;"11-01-2025";"19:00";-3;-8,2;68;266;5,4;286;15,1;0;1028,7;955,9;0
11126;"Patscherkofel";2247;"11-01-2025";"19:00";-14,2;-16,6;83;12;14,8;357;48,6;0;;771,8;0
11130;"Kufstein";495;"11-01-2025";"19:00";-1;-5;75;68;10,4;113;27;0;1028,7;967,5;0
11150;"Salzburg";430;"11-01-2025";"19:00";-0,9;-5,2;73;310;18,4;;31,3;0;1028,2;972,7;0
11155;"Feuerkogel";1618;"11-01-2025";"19:00";-10,2;-11,5;90;287;26,6;287;67,3;0;;836;0
11157;"Aigen im Ennstal";640;"11-01-2025";"19:00";-0,7;-9,1;53;229;28,4;235;52,6;0;1025,4;945,6;0
11171;"Mariazell";866;"11-01-2025";"19:00";-3,6;-9,1;66;321;21,6;340;54,4;0;1024,3;919,1;0
11190;"Eisenstadt";184;"11-01-2025";"19:00";2;-6,2;55;280;26,6;307;48,2;0;1020,2;997,5;0
11204;"Lienz";659;"11-01-2025";"19:00";-3;-12,1;50;235;5;75;14,4;0;1024,4;942,1;0
11240;"Graz/Flughafen";340;"11-01-2025";"19:00";1,3;-11;40;320;9,4;;20,5;0;1021,7;976,8;0
11244;"Bad Gleichenberg";280;"11-01-2025";"19:00";-3,2;-6;82;347;1,4;329;4;0;1022,3;988;0
11265;"Villacher Alpe";2140;"11-01-2025";"19:00";-12,8;-17,9;66;355;28,8;348;40;0;;778,6;0
11331;"Klagenfurt/Flughafen";447;"11-01-2025";"19:00";-3,6;-6;84;197;0,7;181;10,1;0;1023,6;967;0
11343;"Sonnblick";3105;"11-01-2025";"19:00";-20,2;-22,8;81;9;34,2;29;61,2;;;685,9;0
11389;"St. Pölten";270;"11-01-2025";"19:00";0,8;-5;66;237;29,9;242;63,4;0;1022,6;989;0
11010;"Linz/Hörsching";298;"11-01-2025";"20:00";0;-4,6;72;260;27,7;;42,5;0;1026,2;987;0
11012;"Kremsmünster";383;"11-01-2025";"20:00";-0,2;-6;65;251;28,4;248;47,2;0;1026,6;978;0
11022;"Retz";320;"11-01-2025";"20:00";0,8;-7,2;56;268;26,6;241;61,2;0;1020,7;981;0
11035;"Wien/Hohe Warte";203;"11-01-2025";"20:00";1,6;-4,9;62;283;26,6;291;58,3;0;1020,4;994,4;0
11036;"Wien/Schwechat";183;"11-01-2025";"20:00";1,8;-5,7;57;290;33,5;;53,6;0;1020,6;997,7;0
11101;"Bregenz";424;"11-01-2025";"20:00";-0,8;-4;80;91;3,6;172;8,6;0;1029,8;975,2;0
11121;"Innsbruck";579;"11-01-2025";"20:00";-2,6;-8,4;65;311;2,5;269;8,3;0;1029,4;956,7;0
11126;"Patscherkofel";2247;"11-01-2025";"20:00";-14,4;-16,4;86;7;18,7;7;36;0;;772,3;0
11130;"Kufstein";495;"11-01-2025";"20:00";-1,1;-5,4;73;58;7,6;33;22,3;0;1029,3;968,1;0
11150;"Salzburg";430;"11-01-2025";"20:00";-0,5;-5,2;70;290;14,8;;31,3;0;1028,7;973,3;0
11155;"Feuerkogel";1618;"11-01-2025";"20:00";-10,3;-11,7;91;321;28,1;293;63;0;;836,7;0
11157;"Aigen im Ennstal";640;"11-01-2025";"20:00";-1;-8,6;57;226;25,2;216;56,5;0;1026,3;946,3;0
11171;"Mariazell";866;"11-01-2025";"20:00";-3,7;-9,8;63;292;24,5;326;57,6;0;1024,6;919,3;0
11190;"Eisenstadt";184;"11-01-2025";"20:00";2,2;-6,4;54;285;27;295;56,9;0;1020,2;997,5;0
11204;"Lienz";659;"11-01-2025";"20:00";-4,1;-11,8;56;34;4,3;232;13,3;0;1025,1;942,4;0
11240;"Graz/Flughafen";340;"11-01-2025";"20:00";-3,2;-9,3;63;210;3,6;;11,2;0;1023,1;977,4;0
11244;"Bad Gleichenberg";280;"11-01-2025";"20:00";-4;-6,4;84;321;5,8;324;11,5;0;1023;988,6;0
11265;"Villacher Alpe";2140;"11-01-2025";"20:00";-13;-17,8;68;350;38,5;352;49,7;0;;778,6;0
11331;"Klagenfurt/Flughafen";447;"11-01-2025";"20:00";-4,3;-6,6;85;123;1,1;151;12,2;0;1024,3;967,5;0
11343;"Sonnblick";3105;"11-01-2025";"20:00";-20,5;-23,1;81;15;49;19;72;;;685,8;0
11389;"St. Pölten";270;"11-01-2025";"20:00";0,6;-5;67;238;34,6;242;63,4;0;1022,8;989,2;0
11010;"Linz/Hörsching";298;"11-01-2025";"21:00";0,1;-5;68;260;29,5;;46,4;0;1026,5;987,3;0
11012;"Kremsmünster";383;"11-01-2025";"21:00";-0,2;-5,9;66;251;29,2;250;50,8;0;1026,8;978,2;0
11022;"Retz";320;"11-01-2025";"21:00";1,1;-7,2;54;271;31,7;275;65,2;0;1020,7;981;0
11035;"Wien/Hohe Warte";203;"11-01-2025";"21:00";1,6;-5,3;60;282;28,1;276;55,1;0;1020,8;994,8;0
11036;"Wien/Schwechat";183;"11-01-2025";"21:00";1,7;-6,1;56;290;38,9;;63;0;1020,9;998;0
11101;"Bregenz";424;"11-01-2025";"21:00";-1,8;-4,6;82;69;2,2;63;6,1;0;1030,6;975,8;0
11121;"Innsbruck";579;"11-01-2025";"21:00";-3;-8,1;67;9;4,3;16;9;0;1030,2;957,3;0
11126;"Patscherkofel";2247;"11-01-2025";"21:00";-14,6;-16,1;90;19;13;4;28,8;0;;772,7;0
11130;"Kufstein";495;"11-01-2025";"21:00";-0,7;-6;68;73;6,8;67;17,6;0;1030;968,8;0
11150;"Salzburg";430;"11-01-2025";"21:00";-0,1;-6,6;62;280;13;;31,3;0;1029,3;973,9;0
11155;"Feuerkogel";1618;"11-01-2025";"21:00";-10,5;-12,1;89;304;28,1;304;62,3;0;;837,3;0
11157;"Aigen im Ennstal";640;"11-01-2025";"21:00";-1,1;-8,8;56;230;29,9;221;63;0;1026,7;946,7;0
11171;"Mariazell";866;"11-01-2025";"21:00";-3,6;-9,9;62;293;23;270;58;0;1024,9;919,6;0
11190;"Eisenstadt";184;"11-01-2025";"21:00";2,4;-7,4;49;289;29,5;287;66,2;0;1020,7;998;0
11204;"Lienz";659;"11-01-2025";"21:00";-4,5;-11,8;57;297;8,6;292;12,6;0;1025,4;942,6;0
11240;"Graz/Flughafen";340;"11-01-2025";"21:00";-4,2;-8,6;72;150;3,6;;7,6;;1023,6;977,7;0
11244;"Bad Gleichenberg";280;"11-01-2025";"21:00";-4,6;-7;84;309;4,7;316;6,8;0;1023,4;988,9;0
11265;"Villacher Alpe";2140;"11-01-2025";"21:00";-12,9;-17,8;67;353;44,6;347;49,7;0;;778,7;0
11331;"Klagenfurt/Flughafen";447;"11-01-2025";"21:00";-5,6;-7,8;86;139;3,2;166;12,2;0;1025;967,9;0
11343;"Sonnblick";3105;"11-01-2025";"21:00";-20,4;-22,9;82;3;50;24;84,2;;;686,3;0
11389;"St. Pölten";270;"11-01-2025";"21:00";0,6;-5,1;66;239;29,2;246;57,6;0;1023,4;989,8;0
11010;"Linz/Hörsching";298;"11-01-2025";"22:00";0,4;-5,3;66;260;31,3;;48,2;0;1026,9;987,7;0
11012;"Kremsmünster";383;"11-01-2025";"22:00";-0,2;-5,3;69;251;29,9;251;54,4;0;1027,4;978,7;0
11022;"Retz";320;"11-01-2025";"22:00";1,2;-6,9;55;278;30,6;269;56,5;0;1021,1;981,4;0
11035;"Wien/Hohe Warte";203;"11-01-2025";"22:00";1,5;-5,3;61;287;24,5;294;58;0;1021;995;0
11036;"Wien/Schwechat";183;"11-01-2025";"22:00";1,8;-6,2;56;290;38,9;;64,8;0;1021,2;998,3;0
11101;"Bregenz";424;"11-01-2025";"22:00";-2,2;-4,8;83;100;4,7;97;7,2;0;1031,4;976,5;0
11121;"Innsbruck";579;"11-01-2025";"22:00";-3,5;-8,1;71;17;1,4;152;9;0;1030,9;957,8;0
11126;"Patscherkofel";2247;"11-01-2025";"22:00";-14,8;-16,2;90;358;14,4;26;25,9;0;;773,1;0
11130;"Kufstein";495;"11-01-2025";"22:00";-0,6;-6,4;65;69;5,8;68;23;0;1030,4;969,2;0
11150;"Salzburg";430;"11-01-2025";"22:00";-0,2;-6,8;61;280;14,8;;29,5;0;1029,8;974,4;0
11155;"Feuerkogel";1618;"11-01-2025";"22:00";-10,6;-12,3;88;308;22,7;279;64,1;0;;837,5;0
11157;"Aigen im Ennstal";640;"11-01-2025";"22:00";-1,5;-8,6;60;232;28,1;218;65,2;0;1027,5;947,3;0
11171;"Mariazell";866;"11-01-2025";"22:00";-3,7;-10,1;62;302;22,7;303;59,8;0;1025,5;920,1;0
11190;"Eisenstadt";184;"11-01-2025";"22:00";2,3;-6,6;52;282;29,5;279;63;0;1021,4;998,7;0
11204;"Lienz";659;"11-01-2025";"22:00";-3,9;-12,4;52;307;10,8;310;22,7;0;1025,6;943;0
11240;"Graz/Flughafen";340;"11-01-2025";"22:00";-5,1;-9,7;70;0;1,8;;5,4;0;1024,2;978,1;0
11244;"Bad Gleichenberg";280;"11-01-2025";"22:00";-5,2;-7,3;86;337;2,2;352;5,8;0;1023,7;989,1;0
11265;"Villacher Alpe";2140;"11-01-2025";"22:00";-12,9;-18,2;65;350;36,7;354;45,7;0;;778,9;0
11331;"Klagenfurt/Flughafen";447;"11-01-2025";"22:00";-6;-7,6;89;352;3,6;314;8,6;0;1025,4;968,2;0
11343;"Sonnblick";3105;"11-01-2025";"22:00";-20,4;-23;81;9;51,8;17;85,7;;;686,4;0
11389;"St. Pölten";270;"11-01-2025";"22:00";0,6;-5,2;66;234;33,5;227;64,8;0;1023,7;990,1;0
11010;"Linz/Hörsching";298;"11-01-2025";"23:00";0,4;-5,1;66;260;31,3;;44,3;0;1027;987,8;0
11012;"Kremsmünster";383;"11-01-2025";"23:00";0;-6,1;64;251;29,9;242;57,2;0;1027,4;978,8;0
11022;"Retz";320;"11-01-2025";"23:00";1,3;-6,3;57;275;31,3;275;58,7;0;1021,6;981,9;0
11035;"Wien/Hohe Warte";203;"11-01-2025";"23:00";1,7;-5,3;60;280;29,5;276;64,4;0;1021,2;995,2;0
11036;"Wien/Schwechat";183;"11-01-2025";"23:00";1,7;-5,9;57;290;37,1;;64,8;0;1022,2;999,3;0
11101;"Bregenz";424;"11-01-2025";"23:00";-2,7;-4,9;86;100;1,1;94;7,2;0;1032,2;977,1;0
11121;"Innsbruck";579;"11-01-2025";"23:00";-4,5;-8,1;76;159;4,3;138;8,3;0;1032;958,6;0
11126;"Patscherkofel";2247;"11-01-2025";"23:00";-15,2;-16,9;89;4;15,1;1;20,9;0;;773,5;0
11130;"Kufstein";495;"11-01-2025";"23:00";-0,6;-6,4;65;34;4,3;77;15,8;0;1030,9;969,7;0
11150;"Salzburg";430;"11-01-2025";"23:00";-0,3;-6,7;62;260;14,8;;24,1;0;1030,2;974,7;0
11155;"Feuerkogel";1618;"11-01-2025";"23:00";-10,6;-12,7;86;315;25,9;294;60,8;0;;837,9;0
11157;"Aigen im Ennstal";640;"11-01-2025";"23:00";-1,1;-9,5;53;238;25,2;224;56,9;0;1027,8;947,7;0
11171;"Mariazell";866;"11-01-2025";"23:00";-3,4;-9,8;61;310;18;305;59;0;1025,3;920,1;0
11190;"Eisenstadt";184;"11-01-2025";"23:00";2,3;-6,8;51;286;25,2;295;55,8;0;1022;999,3;0
11204;"Lienz";659;"11-01-2025";"23:00";-4,5;-12,1;56;300;12,2;309;19,4;0;1026,3;943,4;0
11240;"Graz/Flughafen";340;"11-01-2025";"23:00";-4,5;-8,5;74;90;3,6;;7,6;0;1024,4;978,4;0
11244;"Bad Gleichenberg";280;"11-01-2025";"23:00";-5,9;-7,7;87;358;2,5;346;5,4;0;1024,3;989,6;0
11265;"Villacher Alpe";2140;"11-01-2025";"23:00";-13;-17,9;67;350;42,1;350;46,4;0;;779,5;0
11331;"Klagenfurt/Flughafen";447;"11-01-2025";"23:00";-6,2;-7,9;89;359;3,6;309;9,4;0;1026;968,7;0
11343;"Sonnblick";3105;"11-01-2025";"23:00";-20,5;-23,2;81;9;49,3;9;87,8;;;687,1;0
11389;"St. Pölten";270;"11-01-2025";"23:00";0,6;-5,5;64;241;27,7;238;63;0;1024,4;990,7;0
