"Station";"Name";"Höhe m";"Datum";"Zeit";"T °C";"TP °C";"RF %";"WR °";"WG km/h";"WSR °";"WSG km/h";"N l/m²";"LDred hPa";"LDstat hPa";"SO %"
11010;"Linz/Hörsching";298;"16-02-2025";"00:00";-2,2;-6,7;71;100;9,4;;16,6;0;1022,5;983,1;0
11012;"Kremsmünster";383;"16-02-2025";"00:00";-1,9;-7,5;66;88;20,2;79;31,3;0;1021,9;973,2;0
11022;"Retz";320;"16-02-2025";"00:00";-2,8;-9,6;60;330;7,6;307;11,5;0;1023,8;983,4;0
11035;"Wien/Hohe Warte";203;"16-02-2025";"00:00";-1;-9,5;53;23;2,5;19;7,6;0;1023,2;996,9;0
11036;"Wien/Schwechat";183;"16-02-2025";"00:00";-1,5;-9,5;55;0;0;;7,6;0;1023,5;1000,3;0
11101;"Bregenz";424;"16-02-2025";"00:00";-1,4;-2,6;92;139;2,9;160;8,3;0;1019,5;965,4;0
11121;"Innsbruck";579;"16-02-2025";"00:00";-3,3;-5,6;85;295;1,1;260;9,4;0;1021,2;948,9;0
11126;"Patscherkofel";2247;"16-02-2025";"00:00";-4,7;-18,7;33;307;19,8;304;25,2;0;;768,9;0
11130;"Kufstein";495;"16-02-2025";"00:00";-4,1;-6,2;86;246;0,7;241;5,8;0;1021,3;959,9;0
11150;"Salzburg";430;"16-02-2025";"00:00";-4,5;-5,6;92;260;3,6;;7,6;0;1021,6;965,8;0
11155;"Feuerkogel";1618;"16-02-2025";"00:00";-6,8;-13,6;59;274;15,8;273;22;0;;831,5;0
11157;"Aigen im Ennstal";640;"16-02-2025";"00:00";-6,4;-7,6;91;0;0;193;3,6;0;1023,1;941,9;0
11171;"Mariazell";866;"16-02-2025";"00:00";-5,3;-8,6;79;327;5,8;16;13;0;1022,4;916,8;0
11190;"Eisenstadt";184;"16-02-2025";"00:00";-0,9;-8,7;56;296;0,7;19;5,8;0;1023,1;1000,1;0
11204;"Lienz";659;"16-02-2025";"00:00";-1,9;-4;86;117;1,8;284;6,5;0;1022;940,3;0
11240;"Graz/Flughafen";340;"16-02-2025";"00:00";-1,9;-4,5;82;130;3,6;;5,4;0;1023;977,5;0
11244;"Bad Gleichenberg";280;"16-02-2025";"00:00";-1,7;-7,9;63;91;2,5;112;6,1;0;1023,3;989,1;0
11265;"Villacher Alpe";2140;"16-02-2025";"00:00";-5,1;-17,6;37;244;13,3;270;19,8;0;;777,7;0
11331;"Klagenfurt/Flughafen";447;"16-02-2025";"00:00";-1,5;-6;72;94;6,1;82;14,8;0;1022,5;966,4;0
11343;"Sonnblick";3105;"16-02-2025";"00:00";-9;-30,4;16;300;27;303;37,4;;;688,1;0
11389;"St. Pölten";270;"16-02-2025";"00:00";-1,6;-8,5;60;69;5,8;65;15,5;0;1023,1;989,2;0
11010;"Linz/Hörsching";298;"16-02-2025";"01:00";-2,4;-6,7;72;100;9,4;;18,4;0;1022,2;982,8;0
11012;"Kremsmünster";383;"16-02-2025";"01:00";-2,1;-7,5;67;71;18,4;101;30,6;0;1021,7;973;0
11022;"Retz";320;"16-02-2025";"01:00";-3,2;-8,6;66;339;5;308;10,4;0;1023,5;983,1;0
11035;"Wien/Hohe Warte";203;"16-02-2025";"01:00";-1;-9,6;52;19;3,2;49;6,8;0;1022,9;996,6;0
11036;"Wien/Schwechat";183;"16-02-2025";"01:00";-1,7;-9,5;55;0;1,8;;3,6;0;1023,2;1000;0
11101;"Bregenz";424;"16-02-2025";"01:00";-1,4;-2,9;90;84;5,8;87;16,6;0;1018,8;964,7;0
11121;"Innsbruck";579;"16-02-2025";"01:00";-3,7;-5,9;85;269;0,7;228;4,7;0;1020,6;948,2;0
11126;"Patscherkofel";2247;"16-02-2025";"01:00";-4,4;-21,4;26;315;29,5;315;35,6;0;;768,4;0
11130;"Kufstein";495;"16-02-2025";"01:00";-4,4;-6,2;88;99;1,4;164;2,5;0;1021;959,5;0
11150;"Salzburg";430;"16-02-2025";"01:00";-5,1;-6;94;200;3,6;;5,4;0;1021,2;965,3;0
11155;"Feuerkogel";1618;"16-02-2025";"01:00";-6,1;-14,5;51;276;10,1;284;23,8;0;;831,3;0
11157;"Aigen im Ennstal";640;"16-02-2025";"01:00";-6,7;-8,1;90;217;1,1;195;3,6;0;1022,8;941,5;0
11171;"Mariazell";866;"16-02-2025";"01:00";-5,5;-9,1;76;10;4,7;21;13,7;0;1022,1;916,4;0
11190;"Eisenstadt";184;"16-02-2025";"01:00";-1,2;-8,2;60;4;3,6;360;7,9;0;1022,8;999,8;0
11204;"Lienz";659;"16-02-2025";"01:00";-1,9;-3,9;86;114;1,8;115;4;0;1021,6;939,9;0
11240;"Graz/Flughafen";340;"16-02-2025";"01:00";-2,2;-6,5;72;140;11,2;;16,6;0;1022,9;977,4;0
11244;"Bad Gleichenberg";280;"16-02-2025";"01:00";-1,6;-8;62;136;1,1;61;6,5;0;1022,8;988,7;0
11265;"Villacher Alpe";2140;"16-02-2025";"01:00";-5,4;-18,2;36;253;25,6;266;31,3;0;;777,4;0
11331;"Klagenfurt/Flughafen";447;"16-02-2025";"01:00";-1,8;-5,7;75;124;6,8;105;11,9;0;1022,4;966,2;0
11343;"Sonnblick";3105;"16-02-2025";"01:00";-9;-29,4;18;306;25,9;305;36,7;;;687,9;0
11389;"St. Pölten";270;"16-02-2025";"01:00";-1,6;-8,9;58;55;8,3;53;12,6;0;1022,8;988,9;0
11010;"Linz/Hörsching";298;"16-02-2025";"02:00";-2,6;-6,8;73;90;11,2;;18,4;0;1021,8;982,4;0
11012;"Kremsmünster";383;"16-02-2025";"02:00";-2,3;-7,9;66;68;19,1;92;31,3;0;1021,2;972,5;0
11022;"Retz";320;"16-02-2025";"02:00";-3,4;-7,7;72;347;2,9;308;7,2;0;1023,3;982,9;0
11035;"Wien/Hohe Warte";203;"16-02-2025";"02:00";-1,1;-9,2;54;6;1,4;40;5;0;1022,4;996,1;0
11036;"Wien/Schwechat";183;"16-02-2025";"02:00";-1,8;-8,7;59;0;1,8;;5,4;0;1022,8;999,6;0
11101;"Bregenz";424;"16-02-2025";"02:00";-1,5;-2,6;93;61;4;38;7,6;0;1018,9;964,8;0
11121;"Innsbruck";579;"16-02-2025";"02:00";-3;-5,4;84;219;4,3;214;7,2;0;1020,2;948;0
11126;"Patscherkofel";2247;"16-02-2025";"02:00";-3,8;-23,4;20;326;31,7;317;36,7;0;;768,2;0
11130;"Kufstein";495;"16-02-2025";"02:00";-4,3;-5,9;89;242;2,5;246;4,7;0;1020,5;959,1;0
11150;"Salzburg";430;"16-02-2025";"02:00";-4,3;-5,3;93;190;3,6;;5,4;0;1020,9;965,1;0
11155;"Feuerkogel";1618;"16-02-2025";"02:00";-5,3;-16,2;42;311;5;268;15,8;0;;831;0
11157;"Aigen im Ennstal";640;"16-02-2025";"02:00";-6,1;-7,6;90;221;6,1;225;7,9;0;1022,3;941,2;0
11171;"Mariazell";866;"16-02-2025";"02:00";-5,8;-9,3;77;49;6,1;45;13,7;0;1021,5;915,8;0
11190;"Eisenstadt";184;"16-02-2025";"02:00";-1,3;-8,2;60;2;2,9;359;5,8;0;1022,5;999,5;0
11204;"Lienz";659;"16-02-2025";"02:00";-1,8;-3,9;86;113;1,8;123;4;0;1021,1;939,5;0
11240;"Graz/Flughafen";340;"16-02-2025";"02:00";-2,5;-6,9;72;140;11,2;;14,8;0;1022,8;977,2;0
11244;"Bad Gleichenberg";280;"16-02-2025";"02:00";-2;-7,1;69;178;4;81;9;0;1022,8;988,6;0
11265;"Villacher Alpe";2140;"16-02-2025";"02:00";-4,8;-16,7;40;259;25,9;257;28,4;0;;777;0
11331;"Klagenfurt/Flughafen";447;"16-02-2025";"02:00";-1,8;-5,5;76;129;6,8;91;13;0;1021,9;965,7;0
11343;"Sonnblick";3105;"16-02-2025";"02:00";-9,4;-27,2;22;310;16,6;301;35,3;;;687,5;0
11389;"St. Pölten";270;"16-02-2025";"02:00";-1,7;-8,5;60;55;7,2;54;14;0;1022,3;988,4;0
11010;"Linz/Hörsching";298;"16-02-2025";"03:00";-2,4;-7,1;70;90;11,2;;18,4;0;1021,5;982,1;0
11012;"Kremsmünster";383;"16-02-2025";"03:00";-2,5;-8,3;65;68;16,9;83;36,4;0;1021,1;972,3;0
11022;"Retz";320;"16-02-2025";"03:00";-3,4;-7,6;73;3;6,1;53;10,8;0;1022,8;982,4;0
11035;"Wien/Hohe Warte";203;"16-02-2025";"03:00";-1,2;-9,4;54;17;4;349;7,9;0;1022,1;995,8;0
11036;"Wien/Schwechat";183;"16-02-2025";"03:00";-2,1;-8;64;0;1,8;;5,4;0;1022,4;999,2;0
11101;"Bregenz";424;"16-02-2025";"03:00";-1,7;-2,6;95;92;2,5;90;6,8;0;1018,3;964,2;0
11121;"Innsbruck";579;"16-02-2025";"03:00";-3,2;-5,5;85;198;0,7;275;5,8;0;1019,7;947,5;0
11126;"Patscherkofel";2247;"16-02-2025";"03:00";-3,9;-24,7;18;324;22,7;328;31,7;0;;767,9;0
11130;"Kufstein";495;"16-02-2025";"03:00";-3,7;-5,7;87;132;0,4;235;3,2;0;1020,2;958,9;0
11150;"Salzburg";430;"16-02-2025";"03:00";-3,8;-5,1;90;180;3,6;;7,6;0;1020,3;964,7;0
11155;"Feuerkogel";1618;"16-02-2025";"03:00";-5;-14,9;46;284;11,2;282;20,5;0;;830,5;0
11157;"Aigen im Ennstal";640;"16-02-2025";"03:00";-6,1;-7,8;89;247;1,8;222;6,8;0;1021,9;940,8;0
11171;"Mariazell";866;"16-02-2025";"03:00";-6,6;-10;78;52;8,6;45;19,4;0;1021,4;915,4;0
11190;"Eisenstadt";184;"16-02-2025";"03:00";-1,4;-8;61;316;2,5;3;6,8;0;1021,9;998,9;0
11204;"Lienz";659;"16-02-2025";"03:00";-2;-3,8;88;151;0,4;132;5;0;1020,5;938,9;0
11240;"Graz/Flughafen";340;"16-02-2025";"03:00";-2,6;-7,3;70;140;9,4;;13;0;1022,1;976,6;0
11244;"Bad Gleichenberg";280;"16-02-2025";"03:00";-2,1;-7,3;68;258;0,7;91;5,4;0;1022,2;988;0
11265;"Villacher Alpe";2140;"16-02-2025";"03:00";-5;-18,1;36;247;29,2;246;31,3;0;;776,6;0
11331;"Klagenfurt/Flughafen";447;"16-02-2025";"03:00";-1,8;-5,5;76;115;4,3;110;14,4;0;1021,4;965,3;0
11343;"Sonnblick";3105;"16-02-2025";"03:00";-9;-27,3;22;300;25,2;315;38,5;;;687,1;0
11389;"St. Pölten";270;"16-02-2025";"03:00";-1,8;-8,1;62;47;9,7;55;15,1;0;1021,9;988;0
11010;"Linz/Hörsching";298;"16-02-2025";"04:00";-2,3;-7,2;69;90;9,4;;16,6;0;1021,2;981,9;0
11012;"Kremsmünster";383;"16-02-2025";"04:00";-2,6;-9;62;70;17,3;66;32;0;1020,9;972,1;0
11022;"Retz";320;"16-02-2025";"04:00";-3,7;-7,8;74;23;7,6;49;12,6;0;1022,5;982;0
11035;"Wien/Hohe Warte";203;"16-02-2025";"04:00";-1,4;-9;56;326;2,9;28;5,8;0;1021,8;995,5;0
11036;"Wien/Schwechat";183;"16-02-2025";"04:00";-2,3;-8,1;64;50;7,6;;11,2;0;1022,4;999,1;0
11101;"Bregenz";424;"16-02-2025";"04:00";-1,4;-2,3;94;149;1,4;71;4,3;0;1018,3;964,2;0
11121;"Innsbruck";579;"16-02-2025";"04:00";-3,2;-5,2;86;249;1,4;235;4,3;0;1019;946,9;0
11126;"Patscherkofel";2247;"16-02-2025";"04:00";-4,2;-23,7;20;326;28,4;326;33,1;0;;767,5;0
11130;"Kufstein";495;"16-02-2025";"04:00";-3,7;-5,5;88;73;0,7;226;3,2;0;1019,6;958,4;0
11150;"Salzburg";430;"16-02-2025";"04:00";-3,3;-4,6;91;0;1,8;;5,4;0;1019,9;964,4;0
11155;"Feuerkogel";1618;"16-02-2025";"04:00";-5,7;-12,9;57;296;10,1;280;19,4;0;;830,4;0
11157;"Aigen im Ennstal";640;"16-02-2025";"04:00";-5,9;-7,7;88;210;4;221;6,5;0;1021,4;940,4;0
11171;"Mariazell";866;"16-02-2025";"04:00";-6,8;-10;78;49;6,8;34;19,4;0;1021,4;915,3;0
11190;"Eisenstadt";184;"16-02-2025";"04:00";-1,5;-7,8;63;357;6,5;357;9;0;1021,7;998,7;0
11204;"Lienz";659;"16-02-2025";"04:00";-1,9;-4;86;123;1,1;145;2,9;0;1020,2;938,6;0
11240;"Graz/Flughafen";340;"16-02-2025";"04:00";-2,9;-7,2;72;140;3,6;;11,2;0;1021,9;976,3;0
11244;"Bad Gleichenberg";280;"16-02-2025";"04:00";-2;-7,1;68;75;1,4;327;5,4;0;1021,7;987,6;0
11265;"Villacher Alpe";2140;"16-02-2025";"04:00";-4,5;-18,7;33;250;21,2;;29,9;0;;776,5;0
11331;"Klagenfurt/Flughafen";447;"16-02-2025";"04:00";-1,8;-5,4;77;103;4,3;98;10,1;0;1020,8;964,7;0
11343;"Sonnblick";3105;"16-02-2025";"04:00";-9,1;-27,1;22;296;24,8;294;43,2;;;686,9;0
11389;"St. Pölten";270;"16-02-2025";"04:00";-1,8;-8,5;61;47;12,6;46;19,4;0;1021,7;987,8;0
11010;"Linz/Hörsching";298;"16-02-2025";"05:00";-2,4;-6,9;71;90;9,4;;16,6;0;1021,5;982,1;0
11012;"Kremsmünster";383;"16-02-2025";"05:00";-2,6;-8,7;63;71;18;74;34,6;0;1021;972,2;0
11022;"Retz";320;"16-02-2025";"05:00";-3,8;-7,6;75;17;7,2;17;10,4;0;1022,9;982,4;0
11035;"Wien/Hohe Warte";203;"16-02-2025";"05:00";-1,6;-8,7;59;51;5,4;57;11,2;0;1022;995,7;0
11036;"Wien/Schwechat";183;"16-02-2025";"05:00";-2,7;-7,9;68;40;5,4;;11,2;0;1022,5;999,2;0
11101;"Bregenz";424;"16-02-2025";"05:00";-1,3;-2,7;91;168;5;141;8,3;0;1018,1;964,1;0
11121;"Innsbruck";579;"16-02-2025";"05:00";-3,4;-5,3;87;0;0;222;4;0;1019,1;946,9;0
11126;"Patscherkofel";2247;"16-02-2025";"05:00";-3,4;-24,9;17;336;20,9;329;33,8;0;;767,4;0
11130;"Kufstein";495;"16-02-2025";"05:00";-3,4;-5,4;87;89;5;97;8,3;0;1019,6;958,4;0
11150;"Salzburg";430;"16-02-2025";"05:00";-2,7;-4,3;89;350;5,4;;9,4;0;1019,8;964,4;0
11155;"Feuerkogel";1618;"16-02-2025";"05:00";-6,4;-11,2;70;300;13;301;19,4;0;;830,4;0
11157;"Aigen im Ennstal";640;"16-02-2025";"05:00";-5,9;-7,6;88;296;3,6;311;5,8;0;1021,5;940,5;0
11171;"Mariazell";866;"16-02-2025";"05:00";-6,8;-10;78;46;7,2;114;18,7;0;1021,8;915,7;0
11190;"Eisenstadt";184;"16-02-2025";"05:00";-1,6;-7,6;64;306;5,8;358;8,3;0;1021,9;998,8;0
11204;"Lienz";659;"16-02-2025";"05:00";-2;-3,9;87;94;2,9;110;4,3;0;1020;938,4;0
11240;"Graz/Flughafen";340;"16-02-2025";"05:00";-2,8;-7,6;69;60;3,6;;5,4;0;1022,1;976,5;0
11244;"Bad Gleichenberg";280;"16-02-2025";"05:00";-1,9;-7,2;68;79;3,6;83;7,2;0;1021,8;987,7;0
11265;"Villacher Alpe";2140;"16-02-2025";"05:00";-4,5;-19,8;30;262;24,5;264;28,8;0;;776,3;0
11331;"Klagenfurt/Flughafen";447;"16-02-2025";"05:00";-1,7;-5,8;75;84;7,6;92;15,5;0;1020,7;964,6;0
11343;"Sonnblick";3105;"16-02-2025";"05:00";-9,8;-27,2;23;300;20,9;307;40,7;;;686,7;0
11389;"St. Pölten";270;"16-02-2025";"05:00";-1,9;-8,3;62;54;10,4;46;18;0;1021,9;988;0
11010;"Linz/Hörsching";298;"16-02-2025";"06:00";-2,2;-8,7;61;70;14,8;;18,4;0;1021,1;981,8;0
11012;"Kremsmünster";383;"16-02-2025";"06:00";-2,6;-8,7;63;71;20,9;70;37,1;0;1020,8;972;0
11022;"Retz";320;"16-02-2025";"06:00";-4,1;-7,4;78;14;9,4;51;15,1;0;1022,9;982,4;0
11035;"Wien/Hohe Warte";203;"16-02-2025";"06:00";-2,2;-8,2;63;32;4,7;27;8,6;0;1022,1;995,7;0
11036;"Wien/Schwechat";183;"16-02-2025";"06:00";-3,4;-7,9;71;30;5,4;;7,6;0;1022,4;999,1;0
11101;"Bregenz";424;"16-02-2025";"06:00";-1,5;-2,8;92;162;6,1;167;11,2;0;1018,4;964,3;0
11121;"Innsbruck";579;"16-02-2025";"06:00";-3,3;-5,6;85;285;1,8;224;5,4;0;1019,1;946,9;0
11126;"Patscherkofel";2247;"16-02-2025";"06:00";-3;-26,8;14;336;15,1;350;26,3;0;;767,3;0
11130;"Kufstein";495;"16-02-2025";"06:00";-3,3;-5,5;86;58;6,8;51;15,8;0;1019,6;958,5;0
11150;"Salzburg";430;"16-02-2025";"06:00";-2,4;-5,2;81;350;5,4;;13;0;1019,8;964,5;0
11155;"Feuerkogel";1618;"16-02-2025";"06:00";-7,1;-11,1;73;267;5,8;266;16,9;0;;830,4;0
11157;"Aigen im Ennstal";640;"16-02-2025";"06:00";-5,7;-7,6;87;38;1,8;48;6,8;0;1021,3;940,4;0
11171;"Mariazell";866;"16-02-2025";"06:00";-6,8;-10,2;77;51;5,4;43;12,2;0;1021,5;915,4;0
11190;"Eisenstadt";184;"16-02-2025";"06:00";-1,6;-8,2;61;356;7,2;357;11,2;0;1021,9;998,8;0
11204;"Lienz";659;"16-02-2025";"06:00";-2;-4;86;98;0,4;109;4,3;0;1019,6;938,1;0
11240;"Graz/Flughafen";340;"16-02-2025";"06:00";-2,7;-7,1;72;50;3,6;;5,4;0;1021,8;976,3;0
11244;"Bad Gleichenberg";280;"16-02-2025";"06:00";-1,7;-7,8;64;73;4;85;8,6;0;1021,8;987,7;0
11265;"Villacher Alpe";2140;"16-02-2025";"06:00";-4,2;-20,4;27;268;24,1;266;27,4;0;;776,2;0
11331;"Klagenfurt/Flughafen";447;"16-02-2025";"06:00";-1,8;-5,7;76;97;9,4;72;18,4;0;1020,5;964,4;0
11343;"Sonnblick";3105;"16-02-2025";"06:00";-9,8;-27,8;22;293;14;283;43,6;;;686,6;0
11389;"St. Pölten";270;"16-02-2025";"06:00";-2;-8;64;47;10,1;52;18,7;0;1021,6;987,7;0
11010;"Linz/Hörsching";298;"16-02-2025";"07:00";-2,2;-8,6;62;70;14,8;;20,5;0;1021,3;982;0
11012;"Kremsmünster";383;"16-02-2025";"07:00";-2,7;-8,5;65;66;22,3;72;34,6;0;1020,8;972;0
11022;"Retz";320;"16-02-2025";"07:00";-4,9;-7,7;81;16;7,6;49;16,9;0;1023,2;982,5;0
11035;"Wien/Hohe Warte";203;"16-02-2025";"07:00";-2,8;-7,7;70;41;5,8;44;16,2;0;1022,4;996;0
11036;"Wien/Schwechat";183;"16-02-2025";"07:00";-3,9;-7,8;74;30;9,4;;14,8;0;1022,7;999,3;0
11101;"Bregenz";424;"16-02-2025";"07:00";-1,4;-3;89;299;1,8;179;7,6;0;1018,1;964;0
11121;"Innsbruck";579;"16-02-2025";"07:00";-2,8;-5,3;84;81;9,4;76;18,4;0;1018,8;946,8;0
11126;"Patscherkofel";2247;"16-02-2025";"07:00";-3,6;-20,2;27;333;27;325;38,9;0;;767,1;0
11130;"Kufstein";495;"16-02-2025";"07:00";-2,9;-5,2;85;76;6,1;63;15,1;0;1019,6;958,6;0
11150;"Salzburg";430;"16-02-2025";"07:00";-2,6;-5,4;81;20;5,4;;11,2;0;1019,9;964,5;0
11155;"Feuerkogel";1618;"16-02-2025";"07:00";-6,3;-11,9;65;305;10,1;280;18,4;0;;830,3;0
11157;"Aigen im Ennstal";640;"16-02-2025";"07:00";-6;-7,8;88;150;0,7;130;4,3;0;1021,4;940,4;0
11171;"Mariazell";866;"16-02-2025";"07:00";-6,6;-10,2;77;60;4;54;15,5;0;1021,3;915,3;0
11190;"Eisenstadt";184;"16-02-2025";"07:00";-1,5;-8,7;59;6;7,6;22;13,7;0;1021,8;998,8;0
11204;"Lienz";659;"16-02-2025";"07:00";-2;-4,1;86;155;1,4;209;6,1;0;1019,5;938;0
11240;"Graz/Flughafen";340;"16-02-2025";"07:00";-2,6;-7,1;72;80;3,6;;9,4;0;1021,7;976,2;0
11244;"Bad Gleichenberg";280;"16-02-2025";"07:00";-1,8;-7,5;66;87;3,2;95;9,7;0;1021,7;987,6;0
11265;"Villacher Alpe";2140;"16-02-2025";"07:00";-3,7;-17,6;34;355;10,4;267;23,4;0;;776,3;0
11331;"Klagenfurt/Flughafen";447;"16-02-2025";"07:00";-1,9;-5,6;76;108;8,3;137;16,9;0;1020,6;964,5;0
11343;"Sonnblick";3105;"16-02-2025";"07:00";-10,1;-28,6;21;302;27,4;286;49;;;686,4;0
11389;"St. Pölten";270;"16-02-2025";"07:00";-2,1;-8;64;44;11,2;40;21,6;0;1021,9;988;0
11010;"Linz/Hörsching";298;"16-02-2025";"08:00";-1,9;-8,8;60;70;13;;22,3;0;1021,6;982,3;0
11012;"Kremsmünster";383;"16-02-2025";"08:00";-2,4;-8,5;64;84;20,9;74;35,3;0;1021,2;972,4;0
11022;"Retz";320;"16-02-2025";"08:00";-4,3;-7,2;81;36;11,5;51;19,8;0;1023,5;982,9;0
11035;"Wien/Hohe Warte";203;"16-02-2025";"08:00";-2,7;-7,3;71;25;4,7;23;11,2;0;1022,6;996,2;0
11036;"Wien/Schwechat";183;"16-02-2025";"08:00";-3,8;-7,4;76;20;9,4;;14,8;0;1023;999,6;0
11101;"Bregenz";424;"16-02-2025";"08:00";-1,3;-2,7;91;41;0,4;64;6,8;0;1018,2;964,2;0
11121;"Innsbruck";579;"16-02-2025";"08:00";-2,9;-5,4;83;73;6,1;76;14,8;0;1019,7;947,6;0
11126;"Patscherkofel";2247;"16-02-2025";"08:00";-3,4;-17,1;34;1;12,2;337;33,5;0;;767,4;0
11130;"Kufstein";495;"16-02-2025";"08:00";-3;-5,1;86;86;2,9;75;7,2;0;1020;958,9;0
11150;"Salzburg";430;"16-02-2025";"08:00";-2,3;-5,7;77;20;7,6;;13;0;1020,2;964,9;0
11155;"Feuerkogel";1618;"16-02-2025";"08:00";-6,5;-11,2;70;287;9,7;301;16,2;0;;830,7;0
11157;"Aigen im Ennstal";640;"16-02-2025";"08:00";-5,9;-8;86;170;1,4;132;3,2;0;1021,9;940,9;0
11171;"Mariazell";866;"16-02-2025";"08:00";-6,5;-10,3;75;15;5,8;30;12,2;0;1021,9;915,9;0
11190;"Eisenstadt";184;"16-02-2025";"08:00";-1,4;-8,5;59;19;3,6;20;14,4;0;1022,2;999,2;0
11204;"Lienz";659;"16-02-2025";"08:00";-1,8;-4,2;84;137;1,1;167;4,3;0;1020,1;938,6;0
11240;"Graz/Flughafen";340;"16-02-2025";"08:00";-2,5;-6,8;72;110;3,6;;7,6;0;1022;976,5;0
11244;"Bad Gleichenberg";280;"16-02-2025";"08:00";-1,6;-7,3;66;95;2,9;85;9,4;0;1022;987,9;0
11265;"Villacher Alpe";2140;"16-02-2025";"08:00";-4,2;-18,9;31;350;7,9;5;14,4;0;;776,5;0
11331;"Klagenfurt/Flughafen";447;"16-02-2025";"08:00";-1,8;-5,6;76;115;4,7;82;15,5;0;1021;964,9;0
11343;"Sonnblick";3105;"16-02-2025";"08:00";-10,4;-28,2;22;291;28,4;285;50,4;;;686,5;0
11389;"St. Pölten";270;"16-02-2025";"08:00";-2,3;-7,7;67;31;8,3;50;19,8;0;1022,5;988,5;0
11010;"Linz/Hörsching";298;"16-02-2025";"09:00";-1,5;-8,5;59;70;16,6;;24,1;0;1021,2;982;0
11012;"Kremsmünster";383;"16-02-2025";"09:00";-2,2;-8,6;62;81;23,8;75;38,9;0;1020,9;972,2;0
11022;"Retz";320;"16-02-2025";"09:00";-3,7;-6,9;79;45;12,6;49;21,2;0;1023,6;983,1;28
11035;"Wien/Hohe Warte";203;"16-02-2025";"09:00";-1,9;-7,5;66;42;6,8;48;12,2;0;1022,6;996,3;17
11036;"Wien/Schwechat";183;"16-02-2025";"09:00";-2,7;-7,7;69;30;9,4;;14,8;0;1023;999,7;1
11101;"Bregenz";424;"16-02-2025";"09:00";-1;-2,9;87;159;4,3;155;11,9;0;1018,1;964,1;0
11121;"Innsbruck";579;"16-02-2025";"09:00";-1,9;-5,1;80;105;5,4;80;19,4;0;1019,5;947,7;13
11126;"Patscherkofel";2247;"16-02-2025";"09:00";-4,5;-17,4;36;358;19,4;349;27,4;0;;767,5;42
11130;"Kufstein";495;"16-02-2025";"09:00";-2,1;-4,5;85;41;8,3;40;16,2;0;1019,9;959;0
11150;"Salzburg";430;"16-02-2025";"09:00";-2;-5,7;75;350;7,6;;9,4;0;1020,2;964,9;0
11155;"Feuerkogel";1618;"16-02-2025";"09:00";-5,4;-10,6;67;308;8,3;283;16,2;0;;830,5;19
11157;"Aigen im Ennstal";640;"16-02-2025";"09:00";-4,5;-6,7;86;139;1,1;225;3,6;0;1021;940,5;15
11171;"Mariazell";866;"16-02-2025";"09:00";-5,8;-10;73;49;3,2;31;13,3;0;1021,5;915,8;0
11190;"Eisenstadt";184;"16-02-2025";"09:00";-1,1;-8;60;352;4;357;11,5;0;1022,3;999,3;0
11204;"Lienz";659;"16-02-2025";"09:00";-1,4;-3,9;84;102;3,2;85;5,8;0;1019,9;938,5;0
11240;"Graz/Flughafen";340;"16-02-2025";"09:00";-2,1;-7;69;90;5,4;;7,6;0;1022,1;976,6;0
11244;"Bad Gleichenberg";280;"16-02-2025";"09:00";-1,5;-7,5;64;78;3,6;67;10,4;0;1022,1;988;0
11265;"Villacher Alpe";2140;"16-02-2025";"09:00";-3,6;-16,3;37;71;9,4;94;12,2;0;;776,5;0
11331;"Klagenfurt/Flughafen";447;"16-02-2025";"09:00";-1,6;-5,8;74;121;9;112;15,5;0;1020,9;964,8;0
11343;"Sonnblick";3105;"16-02-2025";"09:00";-10,7;-17;61;271;38,5;272;67;;;686,2;0
11389;"St. Pölten";270;"16-02-2025";"09:00";-2,1;-7,2;68;53;11,9;40;23,8;0;1022,3;988,4;0
11010;"Linz/Hörsching";298;"16-02-2025";"10:00";-1,3;-8,8;56;100;18,4;;31,3;0;1021,5;982,3;0
11012;"Kremsmünster";383;"16-02-2025";"10:00";-1,8;-8,2;62;77;23;83;36,7;0;1021;972,4;0
11022;"Retz";320;"16-02-2025";"10:00";-2,4;-6,5;74;55;12,2;60;18,7;0;1023,4;983,1;71
11035;"Wien/Hohe Warte";203;"16-02-2025";"10:00";-0,9;-9,7;52;50;8,6;59;15,5;0;1022,5;996,2;64
11036;"Wien/Schwechat";183;"16-02-2025";"10:00";-1;-8,4;57;40;11,2;;16,6;0;1022,8;999,6;86
11101;"Bregenz";424;"16-02-2025";"10:00";-0,4;-2,7;85;342;0,7;175;10,8;0;1018,1;964,2;0
11121;"Innsbruck";579;"16-02-2025";"10:00";-0,4;-4,7;73;107;5,4;67;13;0;1018,4;947;78
11126;"Patscherkofel";2247;"16-02-2025";"10:00";-3,6;-17,4;34;337;17,6;354;27,4;0;;767;70
11130;"Kufstein";495;"16-02-2025";"10:00";-1,7;-4,3;84;39;4,3;23;16,2;0;1019,7;958,9;0
11150;"Salzburg";430;"16-02-2025";"10:00";-1,8;-6,2;72;330;7,6;;13;0;1020,3;965,1;0
11155;"Feuerkogel";1618;"16-02-2025";"10:00";-4,9;-9,5;71;276;5,4;290;11,2;0;;830,5;86
11157;"Aigen im Ennstal";640;"16-02-2025";"10:00";-3;-6,3;78;74;2,9;60;4,7;0;1020,2;940,2;91
11171;"Mariazell";866;"16-02-2025";"10:00";-5,5;-9,7;73;328;3,2;8;13,7;0;1021,1;915,5;0
11190;"Eisenstadt";184;"16-02-2025";"10:00";-0,6;-7,9;58;125;3,6;141;7,9;0;1022,3;999,3;0
11204;"Lienz";659;"16-02-2025";"10:00";-0,9;-3,9;81;105;4,7;109;9,7;0;1019,6;938,4;0
11240;"Graz/Flughafen";340;"16-02-2025";"10:00";-1,8;-7,4;66;110;7,6;;13;0;1022,1;976,7;0
11244;"Bad Gleichenberg";280;"16-02-2025";"10:00";-0,7;-7,1;62;114;4,3;99;10,1;0;1022;988;0
11265;"Villacher Alpe";2140;"16-02-2025";"10:00";-3,9;-21,4;24;77;13,7;84;21,2;0;;776,5;0
11331;"Klagenfurt/Flughafen";447;"16-02-2025";"10:00";-1,3;-6;71;129;5,8;119;18,7;0;1020,8;964,8;0
11343;"Sonnblick";3105;"16-02-2025";"10:00";-10,6;-18,2;55;268;32;276;62,6;;;686,2;33
11389;"St. Pölten";270;"16-02-2025";"10:00";-1,4;-7,2;65;42;11,2;46;23,4;0;1022,2;988,4;0
11010;"Linz/Hörsching";298;"16-02-2025";"11:00";-1,1;-7,1;64;70;18,4;;31,3;0;1021,7;982,5;0
11012;"Kremsmünster";383;"16-02-2025";"11:00";-1,5;-8,2;60;66;23;72;36;0;1021,2;972,6;0
11022;"Retz";320;"16-02-2025";"11:00";-1,6;-6,5;70;54;13,3;53;19,1;0;1023,3;983,1;71
11035;"Wien/Hohe Warte";203;"16-02-2025";"11:00";1,1;-10,9;41;70;7,2;101;20,5;0;1022,2;996,1;98
11036;"Wien/Schwechat";183;"16-02-2025";"11:00";-1;-10,4;49;30;13;;20,5;0;1022,8;999,6;42
11101;"Bregenz";424;"16-02-2025";"11:00";0,8;-2,4;80;305;3,6;276;8,3;0;1017,8;964,2;11
11121;"Innsbruck";579;"16-02-2025";"11:00";0,2;-4,5;71;112;6,5;96;16,2;0;1018;946,8;80
11126;"Patscherkofel";2247;"16-02-2025";"11:00";-4,1;-17,7;34;9;9;358;34,9;0;;767,3;93
11130;"Kufstein";495;"16-02-2025";"11:00";-1,1;-4,2;80;46;10,8;40;18;0;1019,3;958,7;0
11150;"Salzburg";430;"16-02-2025";"11:00";-1,2;-6;70;310;5,4;;13;0;1020;964,9;0
11155;"Feuerkogel";1618;"16-02-2025";"11:00";-4,7;-8,7;75;242;6,1;235;15,1;0;;830,9;88
11157;"Aigen im Ennstal";640;"16-02-2025";"11:00";-0,9;-6;69;92;3,2;87;6,1;0;1019,5;940,1;100
11171;"Mariazell";866;"16-02-2025";"11:00";-4,5;-9;72;1;2,9;348;10,8;0;1020,9;915,7;0
11190;"Eisenstadt";184;"16-02-2025";"11:00";0,5;-7,6;55;196;8,3;201;14,4;0;1022,1;999,2;24
11204;"Lienz";659;"16-02-2025";"11:00";-0,6;-4,3;76;107;2,5;113;6,5;0;1019,5;938,4;0
11240;"Graz/Flughafen";340;"16-02-2025";"11:00";-1,5;-6,8;67;160;5,4;;11,2;0;1022,2;976,8;0
11244;"Bad Gleichenberg";280;"16-02-2025";"11:00";-0,4;-7,6;59;112;2,9;73;9,7;0;1022,2;988,2;0
11265;"Villacher Alpe";2140;"16-02-2025";"11:00";-3,4;-21,4;24;100;15,8;86;24,8;0;;776,3;0
11331;"Klagenfurt/Flughafen";447;"16-02-2025";"11:00";-0,9;-6,7;65;126;7,6;131;20,9;0;1021;965,1;0
11343;"Sonnblick";3105;"16-02-2025";"11:00";-10,1;-17,4;56;260;32,4;249;54,4;;;686,2;62
11389;"St. Pölten";270;"16-02-2025";"11:00";-0,5;-7,2;61;49;14,4;51;24,1;0;1022,1;988,4;19
11010;"Linz/Hörsching";298;"16-02-2025";"12:00";-1,2;-6,7;66;80;18,4;;31,3;0;1021,7;982,5;0
11012;"Kremsmünster";383;"16-02-2025";"12:00";-1;-7,6;61;77;22;68;36,7;0;1020,9;972,4;0
11022;"Retz";320;"16-02-2025";"12:00";-1,5;-7;66;56;14;58;19,4;0;1023,1;982,9;84
11035;"Wien/Hohe Warte";203;"16-02-2025";"12:00";1,4;-10,5;41;33;10,4;23;20,5;0;1021,7;995,7;81
11036;"Wien/Schwechat";183;"16-02-2025";"12:00";0,3;-11,1;42;40;11,2;;20,5;0;1022,1;999,1;68
11101;"Bregenz";424;"16-02-2025";"12:00";0,7;-3;77;299;6,8;309;11,2;0;1017,8;964,2;3
11121;"Innsbruck";579;"16-02-2025";"12:00";1,3;-4,6;65;53;4,3;49;12,2;0;1017,6;946,7;43
11126;"Patscherkofel";2247;"16-02-2025";"12:00";-4,6;-15,9;41;6;16,9;351;52,2;0;;767,1;32
11130;"Kufstein";495;"16-02-2025";"12:00";-0,5;-4,1;77;84;10,8;73;24,1;0;1019,3;958,8;16
11150;"Salzburg";430;"16-02-2025";"12:00";-0,5;-5,4;69;340;11,2;;16,6;0;1020;965;0
11155;"Feuerkogel";1618;"16-02-2025";"12:00";-4,1;-10,9;60;280;13,3;265;24,8;0;;830,7;1
11157;"Aigen im Ennstal";640;"16-02-2025";"12:00";0;-5,8;65;55;3,2;44;8,6;0;1018,9;939,8;56
11171;"Mariazell";866;"16-02-2025";"12:00";-3,6;-8,5;69;2;5;6;15,1;0;1020,4;915,6;0
11190;"Eisenstadt";184;"16-02-2025";"12:00";1,4;-11;40;18;8,6;4;20,2;0;1021,5;998,7;46
11204;"Lienz";659;"16-02-2025";"12:00";0,2;-4,1;73;114;9;100;16,2;0;1018,9;938;0
11240;"Graz/Flughafen";340;"16-02-2025";"12:00";-1,4;-6,9;66;150;5,4;;11,2;0;1021,7;976,4;0
11244;"Bad Gleichenberg";280;"16-02-2025";"12:00";0,1;-7,3;58;197;1,8;60;11,9;0;1021,6;987,7;0
11265;"Villacher Alpe";2140;"16-02-2025";"12:00";-3,9;-23,1;21;97;13,3;89;24,8;0;;776,5;0
11331;"Klagenfurt/Flughafen";447;"16-02-2025";"12:00";-0,5;-6,5;65;112;9;143;19,4;0;1020,5;964,7;0
11343;"Sonnblick";3105;"16-02-2025";"12:00";-10,2;-16,3;62;271;41,8;284;64,1;;;686;71
11389;"St. Pölten";270;"16-02-2025";"12:00";-0,1;-8,8;52;87;7,9;49;28,4;0;1021,9;988,2;1
11010;"Linz/Hörsching";298;"16-02-2025";"13:00";-0,9;-6,2;68;60;18,4;;29,5;0;1021,2;982,1;0
11012;"Kremsmünster";383;"16-02-2025";"13:00";-1,1;-7,1;64;51;22;79;39,2;0;1020,7;972,2;0
11022;"Retz";320;"16-02-2025";"13:00";-1,5;-7,2;65;44;16,2;28;23,8;0;1022,8;982,7;0
11035;"Wien/Hohe Warte";203;"16-02-2025";"13:00";1,3;-9,9;43;41;11,2;57;24,5;0;1021,5;995,5;5
11036;"Wien/Schwechat";183;"16-02-2025";"13:00";0,9;-11,6;39;30;13;;27,7;0;1021,7;998,7;26
11101;"Bregenz";424;"16-02-2025";"13:00";1,4;-2,8;74;295;5;290;13;0;1017,1;963,6;4
11121;"Innsbruck";579;"16-02-2025";"13:00";2,2;-4;64;68;7,2;93;16,6;0;1016,6;946;34
11126;"Patscherkofel";2247;"16-02-2025";"13:00";-4,1;-17,4;35;345;16,2;321;32;0;;766,9;17
11130;"Kufstein";495;"16-02-2025";"13:00";-0,4;-3,5;80;63;10,8;68;25,6;0;1018,6;958,2;1
11150;"Salzburg";430;"16-02-2025";"13:00";-1,2;-4,3;79;360;7,6;;16,6;0;1020;964,9;0
11155;"Feuerkogel";1618;"16-02-2025";"13:00";-5,5;-9,7;72;286;8,3;262;22,3;0;;830,5;16
11157;"Aigen im Ennstal";640;"16-02-2025";"13:00";0,3;-5,4;66;63;6,5;32;11,5;0;1018;939,1;0
11171;"Mariazell";866;"16-02-2025";"13:00";-3,5;-8,5;69;345;8,6;321;16,9;0;1020,1;915,4;0
11190;"Eisenstadt";184;"16-02-2025";"13:00";1,5;-12,3;36;25;13;35;25,9;0;1021;998,2;13
11204;"Lienz";659;"16-02-2025";"13:00";0,4;-4,3;71;113;10,4;102;21,2;0;1018;937,3;0
11240;"Graz/Flughafen";340;"16-02-2025";"13:00";-0,9;-6,6;66;170;3,6;;9,4;0;1021,3;976,1;0
11244;"Bad Gleichenberg";280;"16-02-2025";"13:00";-0,1;-7,5;58;185;3,2;185;10,4;0;1021,4;987,5;0
11265;"Villacher Alpe";2140;"16-02-2025";"13:00";-3,9;-24,5;19;60;18,7;82;27,7;0;;776,2;82
11331;"Klagenfurt/Flughafen";447;"16-02-2025";"13:00";-0,1;-6,7;62;127;7,9;173;19,1;0;1019,9;964,2;0
11343;"Sonnblick";3105;"16-02-2025";"13:00";-10,6;-15,6;68;281;41;283;64,8;;;685,5;73
11389;"St. Pölten";270;"16-02-2025";"13:00";0,1;-10,1;47;49;14;42;25,9;0;1021,5;987,9;0
11010;"Linz/Hörsching";298;"16-02-2025";"14:00";0;-6,3;62;110;16,6;;24,1;0;1021;982;37
11012;"Kremsmünster";383;"16-02-2025";"14:00";-1,1;-6,5;67;69;18,7;74;34,9;0;1020,7;972,2;0
11022;"Retz";320;"16-02-2025";"14:00";-1,5;-8,4;60;53;14;42;22,3;0;1022,5;982,4;0
11035;"Wien/Hohe Warte";203;"16-02-2025";"14:00";1,1;-9;47;19;11,2;32;25,6;0;1021,2;995,2;0
11036;"Wien/Schwechat";183;"16-02-2025";"14:00";1;-10,1;43;70;7,6;;22,3;0;1021,5;998,5;3
11101;"Bregenz";424;"16-02-2025";"14:00";1,8;-1,9;76;308;5;299;12,2;0;1016,6;963,2;19
11121;"Innsbruck";579;"16-02-2025";"14:00";2,7;-3,5;64;97;9,7;64;17,6;0;1016,1;945,7;3
11126;"Patscherkofel";2247;"16-02-2025";"14:00";-4,5;-14,7;46;337;29,5;317;45,4;0;;766,8;2
11130;"Kufstein";495;"16-02-2025";"14:00";-0,1;-3,3;80;46;10,4;23;25,9;0;1018;957,7;4
11150;"Salzburg";430;"16-02-2025";"14:00";-1,4;-3,8;84;10;11,2;;18,4;0;1019,7;964,6;0
11155;"Feuerkogel";1618;"16-02-2025";"14:00";-6,4;-8,3;88;285;7,2;291;16,2;0,4;;830,4;0
11157;"Aigen im Ennstal";640;"16-02-2025";"14:00";0,7;-4,3;70;55;10,1;62;13,7;0;1017,8;939;0
11171;"Mariazell";866;"16-02-2025";"14:00";-3,6;-8,5;69;59;9;115;19,4;0;1019,8;915,1;0
11190;"Eisenstadt";184;"16-02-2025";"14:00";1,4;-11,3;38;16;10,1;336;24,8;0;1021;998,2;7
11204;"Lienz";659;"16-02-2025";"14:00";0,5;-4,5;70;108;7,6;107;21,6;0;1018,1;937,4;0
11240;"Graz/Flughafen";340;"16-02-2025";"14:00";-1,1;-6,3;68;170;5,4;;9,4;0;1021,2;975,9;0
11244;"Bad Gleichenberg";280;"16-02-2025";"14:00";-0,1;-7,7;57;215;2,9;220;7,9;0;1021,2;987,3;0
11265;"Villacher Alpe";2140;"16-02-2025";"14:00";-4,5;-22,6;23;89;17,3;85;23,8;0;;775,8;22
11331;"Klagenfurt/Flughafen";447;"16-02-2025";"14:00";0,1;-6,9;60;128;10,1;138;22;0;1019,1;963,5;0
11343;"Sonnblick";3105;"16-02-2025";"14:00";-11,1;-15,2;73;270;27,4;281;67;;;685,6;22
11389;"St. Pölten";270;"16-02-2025";"14:00";0,4;-10,9;43;52;13,3;47;28,8;0;1021,3;987,7;0
11010;"Linz/Hörsching";298;"16-02-2025";"15:00";-0,1;-6,3;63;100;16,6;;31,3;0;1020,9;981,9;2
11012;"Kremsmünster";383;"16-02-2025";"15:00";-0,9;-6,6;66;68;22;69;34,6;0;1020,5;972;0
11022;"Retz";320;"16-02-2025";"15:00";-1,9;-8,2;62;65;8,3;43;19,1;0;1022,5;982,3;0
11035;"Wien/Hohe Warte";203;"16-02-2025";"15:00";1,2;-10;43;34;11,9;66;22,7;0;1021;995;0
11036;"Wien/Schwechat";183;"16-02-2025";"15:00";1;-10,3;43;20;9,4;;18,4;0;1021,5;998,5;0
11101;"Bregenz";424;"16-02-2025";"15:00";2;-1,6;78;301;4;285;13;0;1016,8;963,5;0
11121;"Innsbruck";579;"16-02-2025";"15:00";2,6;-4,2;61;113;7,6;112;16,9;0;1015,7;945,3;0
11126;"Patscherkofel";2247;"16-02-2025";"15:00";-4,5;-14,3;47;338;22,7;325;39,2;0;;766,7;0
11130;"Kufstein";495;"16-02-2025";"15:00";-0,1;-3,9;76;68;13,7;33;27;0;1017,9;957,6;0
11150;"Salzburg";430;"16-02-2025";"15:00";-1,4;-3,6;86;350;11,2;;14,8;0;1019,4;964,3;0
11155;"Feuerkogel";1618;"16-02-2025";"15:00";-6,6;-8,3;89;300;4,7;289;18,4;0,2;;830,3;0
11157;"Aigen im Ennstal";640;"16-02-2025";"15:00";-1;-2,9;87;46;14,4;63;20,2;0;1018,4;939,1;0
11171;"Mariazell";866;"16-02-2025";"15:00";-4,2;-8,7;72;45;9;51;18,4;0;1020,3;915,3;0
11190;"Eisenstadt";184;"16-02-2025";"15:00";1,1;-11,2;40;19;8,3;29;20,9;0;1021;998,2;0
11204;"Lienz";659;"16-02-2025";"15:00";0,8;-4,5;68;110;9,7;98;19,4;0;1017,4;936,8;0
11240;"Graz/Flughafen";340;"16-02-2025";"15:00";-1;-7,2;63;180;3,6;;9,4;0;1021;975,8;0
11244;"Bad Gleichenberg";280;"16-02-2025";"15:00";0,1;-8,3;54;60;3,2;40;10,1;0;1020,9;987;0
11265;"Villacher Alpe";2140;"16-02-2025";"15:00";-5,9;-22,2;27;75;13;87;22;0;;775,8;3
11331;"Klagenfurt/Flughafen";447;"16-02-2025";"15:00";0,3;-6,4;61;134;7,9;136;18;0;1019,3;963,7;0
11343;"Sonnblick";3105;"16-02-2025";"15:00";-10,9;-15,2;72;256;34,2;257;51,5;;;685,5;0
11389;"St. Pölten";270;"16-02-2025";"15:00";0,3;-9,6;48;49;14;32;28,8;0;1021,3;987,7;0
11010;"Linz/Hörsching";298;"16-02-2025";"16:00";-0,7;-5,4;70;60;16,6;;27,7;0;1021,1;982;0
11012;"Kremsmünster";383;"16-02-2025";"16:00";-1,2;-6,4;68;93;27,4;73;38,2;0;1020,5;972;0
11022;"Retz";320;"16-02-2025";"16:00";-1,4;-8,2;60;46;4,3;69;13;0;1022,6;982,5;78
11035;"Wien/Hohe Warte";203;"16-02-2025";"16:00";0,8;-9,3;47;23;8,6;64;23;0;1021,5;995,4;0
11036;"Wien/Schwechat";183;"16-02-2025";"16:00";0,9;-10;44;70;5,4;;14,8;0;1021,6;998,6;0
11101;"Bregenz";424;"16-02-2025";"16:00";2;-1,4;79;287;7,2;267;13,7;0;1017,6;964,2;0
11121;"Innsbruck";579;"16-02-2025";"16:00";2,2;-3,7;65;57;12,2;75;24,5;0;1016,3;945,7;0
11126;"Patscherkofel";2247;"16-02-2025";"16:00";-6;-12,1;63;17;18,7;334;38,5;0;;766,8;0
11130;"Kufstein";495;"16-02-2025";"16:00";-0,4;-4;77;70;13;35;31,3;0;1018,2;957,8;3
11150;"Salzburg";430;"16-02-2025";"16:00";-1,7;-3,5;88;350;11,2;;16,6;0;1019,9;964,7;0
11155;"Feuerkogel";1618;"16-02-2025";"16:00";-7,1;-8,6;90;183;5;313;12,2;0,2;;830,3;0
11157;"Aigen im Ennstal";640;"16-02-2025";"16:00";-0,9;-3,2;85;27;13;34;19,8;0;1018,5;939,2;0
11171;"Mariazell";866;"16-02-2025";"16:00";-4,6;-8,5;74;47;6,1;69;22,3;0;1020,7;915,5;0
11190;"Eisenstadt";184;"16-02-2025";"16:00";1;-9,8;45;78;10,1;26;18,4;0;1021,2;998,4;0
11204;"Lienz";659;"16-02-2025";"16:00";0,6;-4,4;70;129;11,5;137;22,3;0;1017,5;936,9;68
11240;"Graz/Flughafen";340;"16-02-2025";"16:00";-1,7;-5,5;75;190;9,4;;14,8;0;1021,5;976,1;0
11244;"Bad Gleichenberg";280;"16-02-2025";"16:00";-0,3;-7,5;59;139;5,8;85;14;0;1021,3;987,4;0
11265;"Villacher Alpe";2140;"16-02-2025";"16:00";-5,9;-19,9;32;56;15,5;66;19,1;0;;775,9;100
11331;"Klagenfurt/Flughafen";447;"16-02-2025";"16:00";0,3;-6,2;62;119;10,8;137;18,4;0;1019,6;964;0
11343;"Sonnblick";3105;"16-02-2025";"16:00";-11,1;-15,5;72;248;22,3;246;65,9;;;685,5;0
11389;"St. Pölten";270;"16-02-2025";"16:00";0,2;-9;50;56;7,6;44;27,4;0;1021,5;987,9;0
11010;"Linz/Hörsching";298;"16-02-2025";"17:00";-1;-6,5;66;80;20,5;;29,5;0;1021,6;982,4;0
11012;"Kremsmünster";383;"16-02-2025";"17:00";-1,2;-7,1;64;92;26,3;93;38,9;0;1020,9;972,4;0
11022;"Retz";320;"16-02-2025";"17:00";-2,4;-8;66;34;7,9;53;12,6;0;1023,3;983;52
11035;"Wien/Hohe Warte";203;"16-02-2025";"17:00";0,3;-8,9;50;11;7,2;33;20,9;0;1022;995,9;0
11036;"Wien/Schwechat";183;"16-02-2025";"17:00";0,5;-9,3;48;140;3,6;;13;0;1022,1;999,1;0
11101;"Bregenz";424;"16-02-2025";"17:00";1,8;-0,8;84;54;1,8;279;11,5;0;1017,6;964,2;0
11121;"Innsbruck";579;"16-02-2025";"17:00";2,4;-3,7;64;95;6,8;62;16,6;0;1016,4;945,9;0
11126;"Patscherkofel";2247;"16-02-2025";"17:00";-5,5;-12,6;58;346;16,6;342;33,8;0;;766,9;4
11130;"Kufstein";495;"16-02-2025";"17:00";-0,8;-4,2;78;81;14,8;64;28,4;0;1018,7;958,2;0
11150;"Salzburg";430;"16-02-2025";"17:00";-2,1;-3,7;89;340;11,2;;16,6;0;1020,4;965,1;0
11155;"Feuerkogel";1618;"16-02-2025";"17:00";-7,2;-8,8;90;303;6,5;296;10,8;0,1;;830,7;0
11157;"Aigen im Ennstal";640;"16-02-2025";"17:00";-1,4;-3,2;88;31;18;33;23;0;1019;939,5;0
11171;"Mariazell";866;"16-02-2025";"17:00";-5,1;-8,7;76;333;3,6;25;17,6;0;1021,4;915,9;0
11190;"Eisenstadt";184;"16-02-2025";"17:00";0,7;-8,8;49;74;5;59;13,7;0;1021,7;998,8;0
11204;"Lienz";659;"16-02-2025";"17:00";0,3;-4,3;72;129;9,4;142;22,3;0;1017,9;937,1;0
11240;"Graz/Flughafen";340;"16-02-2025";"17:00";-2;-5,3;78;190;7,6;;14,8;0;1021,8;976,4;0
11244;"Bad Gleichenberg";280;"16-02-2025";"17:00";-1,3;-5,3;75;203;7,2;187;14;0;1021,8;987,7;0
11265;"Villacher Alpe";2140;"16-02-2025";"17:00";-6,4;-22,4;27;51;15,8;55;18;0;;776,2;62
11331;"Klagenfurt/Flughafen";447;"16-02-2025";"17:00";-0,2;-5,8;67;111;9,7;139;20,5;0;1019,8;964,1;0
11343;"Sonnblick";3105;"16-02-2025";"17:00";-12,2;-15,7;77;;25,9;240;42,1;;;685,5;16
11389;"St. Pölten";270;"16-02-2025";"17:00";-0,6;-7,6;60;23;10,4;25;23,4;0;1022,1;988,4;0
11010;"Linz/Hörsching";298;"16-02-2025";"18:00";-1,3;-6,9;66;100;14,8;;27,7;0;1021,9;982,7;0
11012;"Kremsmünster";383;"16-02-2025";"18:00";-1,6;-7,1;67;83;19,1;70;41;0;1021,5;972,9;0
11022;"Retz";320;"16-02-2025";"18:00";-2,7;-8,1;67;33;13,3;37;19,4;0;1023,7;983,3;0
11035;"Wien/Hohe Warte";203;"16-02-2025";"18:00";-0,2;-7,1;60;359;10,4;2;22;0;1022,5;996,3;0
11036;"Wien/Schwechat";183;"16-02-2025";"18:00";-0,2;-8,6;53;120;3,6;;7,6;0;1022,7;999,6;0
11101;"Bregenz";424;"16-02-2025";"18:00";1,4;-0,3;90;87;2,9;67;9;0;1018;964,5;0
11121;"Innsbruck";579;"16-02-2025";"18:00";1,6;-3,7;68;99;8,6;106;17,6;0;1017,2;946,4;0
11126;"Patscherkofel";2247;"16-02-2025";"18:00";-6,6;-10,4;75;345;19,4;355;45;0;;767;1
11130;"Kufstein";495;"16-02-2025";"18:00";-1,1;-4,3;79;94;14,4;103;28,1;0;1019,4;958,8;0
11150;"Salzburg";430;"16-02-2025";"18:00";-2,2;-4;87;350;11,2;;16,6;0;1020,7;965,4;0
11155;"Feuerkogel";1618;"16-02-2025";"18:00";-9,1;-10;94;176;6,5;169;9,4;0,2;;831;0
11157;"Aigen im Ennstal";640;"16-02-2025";"18:00";-2;-3,2;92;18;18,7;32;28,1;0;1019,7;940;0
11171;"Mariazell";866;"16-02-2025";"18:00";-5,5;-8,7;79;276;4;3;15,5;0;1022,1;916,4;0
11190;"Eisenstadt";184;"16-02-2025";"18:00";0,4;-8,3;52;41;6,1;37;13,3;0;1022,1;999,2;0
11204;"Lienz";659;"16-02-2025";"18:00";-0,1;-4,3;74;132;7,2;144;20,9;0;1018,6;937,7;0
11240;"Graz/Flughafen";340;"16-02-2025";"18:00";-2,1;-4,8;82;160;5,4;;9,4;0;1022,5;977;0
11244;"Bad Gleichenberg";280;"16-02-2025";"18:00";-1,6;-5,1;78;209;1,4;200;10,8;0;1022,3;988,2;0
11265;"Villacher Alpe";2140;"16-02-2025";"18:00";-7,1;-16,9;46;51;13,7;50;18,4;0;;776,4;0
11331;"Klagenfurt/Flughafen";447;"16-02-2025";"18:00";-0,7;-6;68;113;10,8;115;23;0;1020,5;964,6;0
11343;"Sonnblick";3105;"16-02-2025";"18:00";-13;-15,5;84;;27;263;38,5;;;685,6;0
11389;"St. Pölten";270;"16-02-2025";"18:00";-1;-7,5;61;37;11,5;55;25,9;0;1022,6;988,8;0
11010;"Linz/Hörsching";298;"16-02-2025";"19:00";-1,8;-5,6;75;90;14,8;;24,1;0;1022,4;983,1;0
11012;"Kremsmünster";383;"16-02-2025";"19:00";-2,3;-5,9;77;70;25,6;91;40,3;0;1022,1;973,3;0
11022;"Retz";320;"16-02-2025";"19:00";-3,3;-8,3;68;39;14,4;26;22,3;0;1023,9;983,4;0
11035;"Wien/Hohe Warte";203;"16-02-2025";"19:00";-0,4;-7,2;60;2;7,9;19;22;0;1022,7;996,5;0
11036;"Wien/Schwechat";183;"16-02-2025";"19:00";-0,3;-8,9;53;30;11,2;;18,4;0;1022,9;999,8;0
11101;"Bregenz";424;"16-02-2025";"19:00";1,5;-1,2;83;325;7,9;320;16,9;0;1018,8;965,3;0
11121;"Innsbruck";579;"16-02-2025";"19:00";0,4;-4;73;80;17,6;71;28,1;0;1018,1;947;0
11126;"Patscherkofel";2247;"16-02-2025";"19:00";-6,7;-10,7;74;352;7,9;359;25,6;0;;767,4;0
11130;"Kufstein";495;"16-02-2025";"19:00";-1,5;-4,4;81;78;15,5;76;30,2;0;1020,3;959,5;0
11150;"Salzburg";430;"16-02-2025";"19:00";-2,6;-3,6;92;330;9,4;;16,6;0;1021,2;965,8;0
11155;"Feuerkogel";1618;"16-02-2025";"19:00";-9,2;-10,2;93;182;9;176;17,6;0,1;;831,1;0
11157;"Aigen im Ennstal";640;"16-02-2025";"19:00";-2,2;-4,1;88;15;19,8;21;28,4;0;1020;940,2;0
11171;"Mariazell";866;"16-02-2025";"19:00";-6,1;-8,5;84;333;4,3;7;13,3;0;1022,7;916,7;0
11190;"Eisenstadt";184;"16-02-2025";"19:00";-0,4;-8,2;56;28;6,8;60;11,9;0;1022,5;999,5;0
11204;"Lienz";659;"16-02-2025";"19:00";-0,4;-4,3;76;121;6,8;132;19,8;0;1018,8;937,8;0
11240;"Graz/Flughafen";340;"16-02-2025";"19:00";-2,2;-5,1;81;0;1,8;;7,6;0;1022,8;977,3;0
11244;"Bad Gleichenberg";280;"16-02-2025";"19:00";-1,6;-5,3;76;329;0,7;188;4,7;0;1022,6;988,5;0
11265;"Villacher Alpe";2140;"16-02-2025";"19:00";-6,7;-15,6;49;49;11,9;59;17,6;0;;776,4;0
11331;"Klagenfurt/Flughafen";447;"16-02-2025";"19:00";-1,1;-6,2;69;115;12,6;106;23,4;0;1021,1;965,1;0
11343;"Sonnblick";3105;"16-02-2025";"19:00";-12,5;-14,6;86;267;24,1;277;41;;;685,5;0
11389;"St. Pölten";270;"16-02-2025";"19:00";-1,7;-7,1;67;44;6,8;36;22;0;1023;989,1;0
11010;"Linz/Hörsching";298;"16-02-2025";"20:00";-1,9;-5,5;76;100;11,2;;20,5;0;1022,7;983,4;0
11012;"Kremsmünster";383;"16-02-2025";"20:00";-2,5;-5,2;82;64;23;68;36,4;0;1022,4;973,6;0
11022;"Retz";320;"16-02-2025";"20:00";-3,8;-8,4;71;34;13,3;34;21,6;0;1024,3;983,8;0
11035;"Wien/Hohe Warte";203;"16-02-2025";"20:00";-0,9;-8;59;27;10,4;30;24,1;0;1023,2;996,9;0
11036;"Wien/Schwechat";183;"16-02-2025";"20:00";-0,9;-7,9;59;20;13;;20,5;0;1023,3;1000,1;0
11101;"Bregenz";424;"16-02-2025";"20:00";1,3;-1,2;85;251;2,2;326;9;0;1019;965,4;0
11121;"Innsbruck";579;"16-02-2025";"20:00";-0,1;-4,2;74;88;11,5;100;23;0;1019;947,7;0
11126;"Patscherkofel";2247;"16-02-2025";"20:00";-6,8;-10,4;77;8;9;330;23,8;0;;767,4;0
11130;"Kufstein";495;"16-02-2025";"20:00";-1,6;-4,4;82;77;11,9;100;31;0;1020,7;959,9;0
11150;"Salzburg";430;"16-02-2025";"20:00";-2,9;-3,8;94;330;13;;20,5;0,3;1021,6;966,1;0
11155;"Feuerkogel";1618;"16-02-2025";"20:00";-9,2;-10,5;91;180;6,8;179;12,6;0,1;;831,3;0
11157;"Aigen im Ennstal";640;"16-02-2025";"20:00";-2,6;-4,4;87;23;22,7;16;33,8;0;1020,4;940,5;0
11171;"Mariazell";866;"16-02-2025";"20:00";-6,4;-9;82;341;4,3;66;19,1;0;1022,9;916,8;0
11190;"Eisenstadt";184;"16-02-2025";"20:00";-0,3;-7,3;60;30;4;26;10,8;0;1022,8;999,8;0
11204;"Lienz";659;"16-02-2025";"20:00";-0,4;-4,4;75;121;8,3;153;19,8;0;1019,6;938,5;0
11240;"Graz/Flughafen";340;"16-02-2025";"20:00";-2,6;-4,8;85;0;1,8;;3,6;0;1023,3;977,7;0
11244;"Bad Gleichenberg";280;"16-02-2025";"20:00";-1,6;-5,1;78;269;2,9;271;8,6;0;1022,8;988,7;0
11265;"Villacher Alpe";2140;"16-02-2025";"20:00";-6,4;-11,8;66;31;15,1;31;19,1;0;;776,5;0
11331;"Klagenfurt/Flughafen";447;"16-02-2025";"20:00";-1,3;-6,4;69;99;13,3;87;25,9;0;1021,5;965,5;0
11343;"Sonnblick";3105;"16-02-2025";"20:00";-12,5;-14,5;87;258;29,5;252;46,1;;;685,5;0
11389;"St. Pölten";270;"16-02-2025";"20:00";-2,4;-7;71;57;5,8;48;16,2;0;1023,5;989,5;0
11010;"Linz/Hörsching";298;"16-02-2025";"21:00";-1,7;-8,8;58;70;16,6;;25,9;0;1023;983,7;0
11012;"Kremsmünster";383;"16-02-2025";"21:00";-2,7;-6,2;78;91;27;97;34,9;0;1022,7;973,8;0
11022;"Retz";320;"16-02-2025";"21:00";-3,9;-9,1;68;33;16,9;24;27;0;1024,9;984,3;0
11035;"Wien/Hohe Warte";203;"16-02-2025";"21:00";-1,1;-8;60;30;8,6;29;20,5;0;1023,6;997,3;0
11036;"Wien/Schwechat";183;"16-02-2025";"21:00";-1,6;-8,2;60;20;13;;20,5;0;1023,8;1000,6;0
11101;"Bregenz";424;"16-02-2025";"21:00";1,1;-1;87;281;3,2;313;10,4;0;1019,2;965,6;0
11121;"Innsbruck";579;"16-02-2025";"21:00";-0,3;-4,3;74;82;9;79;23,8;0;1019,6;948,2;0
11126;"Patscherkofel";2247;"16-02-2025";"21:00";-7,3;-10,6;78;346;13;13;23,4;0;;767,6;0
11130;"Kufstein";495;"16-02-2025";"21:00";-1,8;-4,6;81;77;13,7;80;26,3;0;1021,1;960,2;0
11150;"Salzburg";430;"16-02-2025";"21:00";-3,2;-4,2;93;330;11,2;;22,3;0;1022,3;966,7;0
11155;"Feuerkogel";1618;"16-02-2025";"21:00";-9,5;-10,9;90;192;2,2;192;8,3;0,5;;831,5;0
11157;"Aigen im Ennstal";640;"16-02-2025";"21:00";-3;-4,6;89;14;22;24;34,2;0;1021,2;941,1;0
11171;"Mariazell";866;"16-02-2025";"21:00";-6,6;-9,3;81;38;4,3;15;16,6;0;1023,5;917,3;0
11190;"Eisenstadt";184;"16-02-2025";"21:00";-0,4;-7,6;59;44;4;60;7,2;0;1023,1;1000,1;0
11204;"Lienz";659;"16-02-2025";"21:00";-0,6;-4,6;75;126;10,4;129;23;0;1020,1;938,9;0
11240;"Graz/Flughafen";340;"16-02-2025";"21:00";-2,7;-4,4;88;40;5,4;;5,4;0;1023,7;978,1;0
11244;"Bad Gleichenberg";280;"16-02-2025";"21:00";-1,6;-5,1;78;260;3,2;275;6,8;0;1023,2;989,1;0
11265;"Villacher Alpe";2140;"16-02-2025";"21:00";-7,1;-12,7;65;21;16,6;22;22;0;;776,8;0
11331;"Klagenfurt/Flughafen";447;"16-02-2025";"21:00";-1,5;-6,9;68;87;8,3;121;27,7;0;1021,9;965,8;0
11343;"Sonnblick";3105;"16-02-2025";"21:00";-12,6;-14,7;86;269;34,6;264;51,8;;;685,7;0
11389;"St. Pölten";270;"16-02-2025";"21:00";-2,7;-7,1;72;52;5,8;56;11,2;0;1024;989,9;0
11010;"Linz/Hörsching";298;"16-02-2025";"22:00";-1,8;-8,3;61;70;14,8;;25,9;0;1023,5;984,1;0
11012;"Kremsmünster";383;"16-02-2025";"22:00";-2,5;-6,6;74;88;22,7;93;32,4;0;1023;974,1;0
11022;"Retz";320;"16-02-2025";"22:00";-4,2;-8,8;71;30;15,1;41;23,4;0;1025,1;984,5;0
11035;"Wien/Hohe Warte";203;"16-02-2025";"22:00";-1,3;-7,9;61;26;9;28;19,4;0;1023,9;997,6;0
11036;"Wien/Schwechat";183;"16-02-2025";"22:00";-3,3;-8,6;66;30;7,6;;18,4;0;1024,3;1000,9;0
11101;"Bregenz";424;"16-02-2025";"22:00";1,1;-0,7;89;0;0;279;7,9;0;1020;966,3;0
11121;"Innsbruck";579;"16-02-2025";"22:00";-0,5;-4,5;75;87;11,2;83;22,7;0;1020;948,5;0
11126;"Patscherkofel";2247;"16-02-2025";"22:00";-7,6;-10,4;82;350;14,4;347;26,3;0;;767,6;0
11130;"Kufstein";495;"16-02-2025";"22:00";-1,9;-4,8;81;76;10,8;72;29,2;0;1021,6;960,7;0
11150;"Salzburg";430;"16-02-2025";"22:00";-3,4;-4,4;93;320;11,2;;18,4;0;1022,6;966,9;0
11155;"Feuerkogel";1618;"16-02-2025";"22:00";-9,3;-10,8;89;244;2,2;185;11,5;0,2;;831,6;0
11157;"Aigen im Ennstal";640;"16-02-2025";"22:00";-3,2;-5,1;87;16;23,4;17;37,4;0;1021,5;941,3;0
11171;"Mariazell";866;"16-02-2025";"22:00";-6,6;-9,3;82;17;4,7;33;16,6;0;1023,8;917,5;0
11190;"Eisenstadt";184;"16-02-2025";"22:00";-0,8;-6,5;66;321;5,4;299;8,6;0;1023,5;1000,5;0
11204;"Lienz";659;"16-02-2025";"22:00";-0,8;-4,7;76;137;10,8;137;24,5;0;1020,5;939,2;0
11240;"Graz/Flughafen";340;"16-02-2025";"22:00";-2,8;-4,4;89;0;1,8;;9,4;0;1023,9;978,3;0
11244;"Bad Gleichenberg";280;"16-02-2025";"22:00";-1,7;-4,6;82;320;5;308;9,4;0;1023,5;989,3;0
11265;"Villacher Alpe";2140;"16-02-2025";"22:00";-7,4;-12,7;66;22;15,8;27;22,7;0;;776,9;0
11331;"Klagenfurt/Flughafen";447;"16-02-2025";"22:00";-1,6;-6,8;68;81;5;90;22,7;0;1022,1;966;0
11343;"Sonnblick";3105;"16-02-2025";"22:00";-12,8;-14,9;86;283;24,1;;55,1;;;685,7;0
11389;"St. Pölten";270;"16-02-2025";"22:00";-2,9;-7,4;72;43;5;46;14,4;0;1024,1;990;0
11010;"Linz/Hörsching";298;"16-02-2025";"23:00";-1,8;-8,8;59;70;18,4;;25,9;0;1023,4;984;0
11012;"Kremsmünster";383;"16-02-2025";"23:00";-2,3;-7,1;70;85;25,9;70;38,5;0;1023;974,2;0
11022;"Retz";320;"16-02-2025";"23:00";-4,4;-8,8;72;22;13,7;19;25,9;0;1025,3;984,6;0
11035;"Wien/Hohe Warte";203;"16-02-2025";"23:00";-2,1;-8,1;64;29;10,1;32;17,3;0;1024,1;997,7;0
11036;"Wien/Schwechat";183;"16-02-2025";"23:00";-3,8;-8,5;70;30;11,2;;14,8;0;1024,4;1001;0
11101;"Bregenz";424;"16-02-2025";"23:00";1;-1,2;86;154;5,8;172;8,6;0;1019,6;965,9;0
11121;"Innsbruck";579;"16-02-2025";"23:00";-0,9;-4,2;79;106;9,4;96;20,9;0;1020,3;948,7;0
11126;"Patscherkofel";2247;"16-02-2025";"23:00";-7,5;-10;83;329;12,2;316;32,4;0;;767,6;0
11130;"Kufstein";495;"16-02-2025";"23:00";-2,1;-4,7;83;75;13;76;24,8;0;1021,7;960,7;0
11150;"Salzburg";430;"16-02-2025";"23:00";-3,7;-4,4;94;320;9,4;;14,8;0,3;1022,7;967;0
11155;"Feuerkogel";1618;"16-02-2025";"23:00";-10;-11,4;91;186;7,9;178;13;0,1;;831,6;0
11157;"Aigen im Ennstal";640;"16-02-2025";"23:00";-3,4;-5,4;87;16;22;33;35,3;0;1021,7;941,4;0
11171;"Mariazell";866;"16-02-2025";"23:00";-6,8;-9,1;84;9;5;24;16,9;0;1023,8;917,5;0
11190;"Eisenstadt";184;"16-02-2025";"23:00";-1,4;-7,3;65;356;11,2;355;13;0;1023,5;1000,4;0
11204;"Lienz";659;"16-02-2025";"23:00";-0,9;-4,9;75;121;11,2;122;22,7;0;1020,5;939,2;0
11240;"Graz/Flughafen";340;"16-02-2025";"23:00";-2,8;-4,6;87;0;1,8;;5,4;0;1023,8;978,2;0
11244;"Bad Gleichenberg";280;"16-02-2025";"23:00";-1,8;-4,7;81;303;4;320;12,6;0;1023,4;989,2;0
11265;"Villacher Alpe";2140;"16-02-2025";"23:00";-7,5;-12,1;70;13;16,2;9;22,3;0;;776,5;0
11331;"Klagenfurt/Flughafen";447;"16-02-2025";"23:00";-1,7;-7,3;66;76;5,8;131;20,2;0;1022,5;966,3;0
11343;"Sonnblick";3105;"16-02-2025";"23:00";-12,8;-14,9;86;287;18,4;280;45,7;;;685,6;0
11389;"St. Pölten";270;"16-02-2025";"23:00";-3,1;-8;70;27;6,1;26;14;0;1024,3;990,2;0
